,name,description,homepage,resource,category,projectrank,show,pypi_id,github_id,conda_id,github_url,license,created_at,updated_at,last_commit_pushed_at,commit_count,recent_commit_count,fork_count,watchers_count,pr_count,open_issue_count,closed_issue_count,star_count,latest_stable_release_published_at,latest_stable_release_number,github_release_downloads,monthly_downloads,release_count,dependent_project_count,github_dependent_project_count,contributor_count,pypi_url,pypi_latest_release_published_at,pypi_dependent_project_count,pypi_monthly_downloads,conda_url,conda_latest_release_published_at,conda_total_downloads,projectrank_placing,npm_id,npm_url,npm_latest_release_published_at,npm_dependent_project_count,npm_monthly_downloads,dockerhub_id,dockerhub_url,dockerhub_latest_release_published_at,dockerhub_stars,dockerhub_pulls,conda_dependent_project_count,updated_github_id,trending,pypi,cran_id,gem_id,go_id,go_url,go_latest_release_published_at,go_dependent_project_count,hex_id,docs_url,bitbucket_id
0,best-of-ml-python - Data Visualization,Python-based data visualization libraries.,https://github.com/ml-tooling/best-of-ml-python#data-visualization,True,widgets,0,True,,,,,,,,,,,,,,,,,,,,,,,,,,,,,,,,,,,,,,,,,,,,,,,,,,,,,,,
1,ipython,"Official repository for IPython itself. Other repos in the IPython organization contain things like the website,..",https://github.com/ipython/ipython,,components,48,True,ipython,ipython/ipython,conda-forge/ipython,https://github.com/ipython/ipython,BSD-3-Clause,2010-05-10 04:46:06.000,2025-03-06 10:41:11.000000,2025-03-06 10:41:11,27656.0,437.0,4447.0,739.0,7317.0,1530.0,5911.0,16417.0,2025-03-03 08:17:01.000,9.0.1,322241.0,54975320.0,199.0,683781.0,672445.0,1030.0,https://pypi.org/project/ipython,2025-03-03 08:17:01.000,11336.0,54283525.0,https://anaconda.org/conda-forge/ipython,2025-03-04 20:43:24.117,35852811.0,1.0,,,,,,,,,,,,,,,,,,,,,,,
2,bokeh,"Interactive Data Visualization in the browser, from Python.",https://github.com/bokeh/bokeh,,widgets,45,True,bokeh,bokeh/bokeh,conda-forge/bokeh,https://github.com/bokeh/bokeh,BSD-3-Clause,2012-03-26 15:40:01.000,2025-03-06 10:42:55.000000,2025-03-06 10:24:01,20737.0,90.0,4212.0,437.0,6302.0,793.0,7117.0,19657.0,2025-02-05 17:52:27.000,3.6.3,,4315716.0,232.0,100536.0,98632.0,710.0,https://pypi.org/project/bokeh,2025-03-06 10:42:55.000,1883.0,4008617.0,https://anaconda.org/conda-forge/bokeh,2025-02-06 12:06:49.451,16000996.0,1.0,@bokeh/bokehjs,https://www.npmjs.com/package/@bokeh/bokehjs,2025-03-06 10:42:47.090,21.0,26380.0,,,,,,,,,,,,,,,,,,
3,Jupyter,Jupyter Interactive Notebook.,https://github.com/jupyter/notebook,,notebook-environments,45,True,notebook,jupyter/notebook,conda-forge/jupyter,https://github.com/jupyter/notebook,BSD-3-Clause,2015-04-09 06:58:03.000,2025-02-22 12:25:18.000000,2025-02-22 12:22:40,13616.0,29.0,5119.0,329.0,2518.0,1969.0,3041.0,13165.0,2024-12-21 08:40:28.000,7.3.2,24475.0,30182506.0,174.0,342458.0,340099.0,653.0,https://pypi.org/project/notebook,2025-02-20 09:53:22.000,2359.0,29791423.0,https://anaconda.org/conda-forge/jupyter,2024-12-10 08:18:49.086,5027154.0,1.0,,,,,,jupyter/datascience-notebook,https://hub.docker.com/r/jupyter/datascience-notebook,2023-10-20 20:06:40.614669,1087.0,34538877.0,,,,,,,,,,,,,
4,IPython Kernel,IPython Kernel for Jupyter.,https://github.com/ipython/ipykernel,,kernels,41,True,ipykernel,ipython/ipykernel,ipykernel,https://github.com/ipython/ipykernel,BSD-3-Clause,2015-04-09 07:44:14.000,2025-03-04 08:03:05.000000,2025-03-04 08:03:01,2995.0,47.0,375.0,36.0,832.0,293.0,264.0,666.0,2024-10-11 16:57:38.000,6.29.5,3312.0,33277957.0,134.0,480324.0,476288.0,187.0,https://pypi.org/project/ipykernel,2024-10-22 08:26:22.000,3959.0,33269014.0,https://anaconda.org/anaconda/ipykernel,2025-01-26 04:34:11.074,993559.0,1.0,,,,,,,,,,,77.0,,,,,,,,,,,,
5,JupyterHub,Multi-user server for Jupyter notebooks.,https://github.com/jupyterhub/jupyterhub,,notebook-environments,39,True,jupyterhub,jupyterhub/jupyterhub,conda-forge/jupyterhub,https://github.com/jupyterhub/jupyterhub,BSD-3-Clause,2014-06-12 23:22:10.000,2025-03-03 20:42:07.000000,2025-03-03 13:23:33,7831.0,62.0,2036.0,268.0,2479.0,187.0,2278.0,8279.0,2024-10-21 09:37:07.000,5.2.1,,231920.0,87.0,3515.0,3294.0,374.0,https://pypi.org/project/jupyterhub,2024-10-21 09:37:07.000,221.0,165674.0,https://anaconda.org/conda-forge/jupyterhub,2024-10-21 15:37:17.409,1298569.0,1.0,,,,,,jupyterhub/jupyterhub,https://hub.docker.com/r/jupyterhub/jupyterhub,2025-02-11 07:44:19.613797,345.0,5554548.0,,,,,,,,,,,,,
6,nbconvert,Jupyter Notebook Conversion.,https://github.com/jupyter/nbconvert,,notebook-sharing,39,True,nbconvert,jupyter/nbconvert,conda-forge/nbconvert,https://github.com/jupyter/nbconvert,BSD-3-Clause,2015-04-09 06:58:23.000,2025-03-03 20:59:40.000000,2025-01-28 09:29:03,4074.0,8.0,578.0,51.0,1002.0,573.0,664.0,1796.0,2025-01-28 09:29:18.000,7.16.6,1714.0,31519131.0,103.0,342508.0,340322.0,279.0,https://pypi.org/project/nbconvert,2025-01-28 09:29:12.000,2186.0,31129470.0,https://anaconda.org/conda-forge/nbconvert,2025-01-28 12:43:33.287,20261128.0,1.0,,,,,,,,,,,,,,,,,,,,,,,
7,panel,Panel: The powerful data exploration & web app framework for Python.,https://github.com/holoviz/panel,,widgets,38,True,panel,holoviz/panel,conda-forge/panel,https://github.com/holoviz/panel,BSD-3-Clause,2018-08-23 12:14:24.000,2025-03-06 14:02:26.000000,2025-03-05 21:08:45,4464.0,147.0,534.0,63.0,3924.0,1133.0,2676.0,5083.0,2025-02-14 14:42:25.000,1.6.1,,873187.0,434.0,16471.0,16003.0,188.0,https://pypi.org/project/panel,2025-03-05 21:21:43.000,463.0,816657.0,https://anaconda.org/conda-forge/panel,2025-02-14 18:32:00.883,1940981.0,1.0,@holoviz/panel,https://www.npmjs.com/package/@holoviz/panel,2025-03-05 21:18:42.320,5.0,22478.0,,,,,,,,,,,,,,,,,,
8,jupyter_server,"The backendi.e. core services, APIs, and REST endpointsto Jupyter web applications.",https://github.com/jupyter-server/jupyter_server,,components,37,True,jupyter_server,jupyter-server/jupyter_server,conda-forge/jupyter_server,https://github.com/jupyter-server/jupyter_server,BSD-3-Clause,2016-09-21 19:18:45.000,2025-03-03 19:02:22.000000,2025-02-13 20:52:12,12779.0,13.0,325.0,36.0,1022.0,213.0,293.0,509.0,2024-12-20 13:02:46.000,2.15.0,4030.0,28977772.0,153.0,902.0,,525.0,https://pypi.org/project/jupyter_server,2024-12-20 13:02:37.000,902.0,28701406.0,https://anaconda.org/conda-forge/jupyter_server,2024-12-20 14:02:13.078,14919307.0,3.0,,,,,,,,,,,,,,,,,,,,,,,
9,evidently,"Evidently is an open-source ML and LLM observability framework. Evaluate, test, and monitor any AI-powered system or..",https://github.com/evidentlyai/evidently,,widgets,36,True,evidently,evidentlyai/evidently,conda-forge/evidently,https://github.com/evidentlyai/evidently,Apache-2.0,2020-11-25 15:20:08.000,2025-03-06 13:37:26.000000,2025-02-26 13:22:45,2510.0,113.0,633.0,46.0,1086.0,198.0,234.0,5790.0,2025-02-17 17:38:57.000,0.6.5,352.0,506806.0,128.0,5607.0,5589.0,83.0,https://pypi.org/project/evidently,2025-02-17 17:38:40.000,18.0,505147.0,https://anaconda.org/conda-forge/evidently,2025-02-18 03:07:36.025,71071.0,1.0,,,,,,,,,,,,,,,,,,,,,,,
10,ipywidgets,Interactive Widgets for the Jupyter Notebook.,https://github.com/jupyter-widgets/ipywidgets,,widgets,36,True,ipywidgets,jupyter-widgets/ipywidgets,conda-forge/ipywidgets,https://github.com/jupyter-widgets/ipywidgets,BSD-3-Clause,2015-04-17 20:29:25.000,2025-03-04 08:32:42.000000,2025-03-04 08:32:42,7858.0,2.0,947.0,81.0,1923.0,773.0,1344.0,3203.0,2024-10-22 08:26:06.000,7.8.5,,22256197.0,162.0,4495.0,3.0,224.0,https://pypi.org/project/ipywidgets,2024-10-22 08:18:24.000,4375.0,21847488.0,https://anaconda.org/conda-forge/ipywidgets,2024-12-06 14:01:54.226,17182492.0,1.0,@jupyter-widgets/jupyterlab-manager,https://www.npmjs.com/package/@jupyter-widgets/jupyterlab-manager,2024-10-22 07:54:56.054,117.0,90515.0,,,,,,,,,,,,,,,,,,
11,qtconsole,Jupyter Qt Console.,https://github.com/jupyter/qtconsole,,others,36,True,qtconsole,jupyter/qtconsole,conda-forge/qtconsole,https://github.com/jupyter/qtconsole,BSD-3-Clause,2015-04-09 06:59:10.000,2025-02-18 04:52:47.000000,2025-02-18 04:52:47,2087.0,12.0,201.0,24.0,281.0,117.0,236.0,422.0,2024-10-28 23:59:24.000,5.6.1,,2471031.0,51.0,192249.0,191881.0,126.0,https://pypi.org/project/qtconsole,2024-10-28 23:59:24.000,368.0,2382737.0,https://anaconda.org/conda-forge/qtconsole,2024-12-09 07:51:35.595,5032758.0,1.0,,,,,,,,,,,,,,,,,,,,,,,
12,xonsh,Python-powered shell. Full-featured and cross-platform.,https://github.com/xonsh/xonsh,,kernels,35,False,xonsh,xonsh/xonsh,,https://github.com/xonsh/xonsh,https://github.com/xonsh/xonsh/blob/main/license,2015-01-21 22:05:27.000,2025-03-03 17:35:40.000000,2025-03-03 12:07:18,10853.0,36.0,657.0,103.0,2887.0,282.0,2402.0,8637.0,2025-02-11 17:10:39.000,0.19.2,12856.0,54916.0,137.0,972.0,807.0,343.0,https://pypi.org/project/xonsh,2025-02-11 17:10:39.000,165.0,54783.0,,,,1.0,,,,,,,,,,,,,,,,,,,,,,,
13,Jupytext,"Jupyter Notebooks as Markdown Documents, Julia, Python or R scripts.",https://github.com/mwouts/jupytext,,notebook-sharing,35,True,jupytext,mwouts/jupytext,conda-forge/jupytext,https://github.com/mwouts/jupytext,MIT,2018-06-15 05:25:36.000,2025-03-03 02:03:09.000000,2025-02-26 22:20:00,2518.0,37.0,393.0,73.0,647.0,143.0,563.0,6762.0,2025-02-10 22:40:02.000,1.16.7,,1100249.0,132.0,10079.0,9451.0,94.0,https://pypi.org/project/jupytext,2025-02-10 22:40:02.000,623.0,1078875.0,https://anaconda.org/conda-forge/jupytext,2025-02-11 09:14:38.829,1029484.0,1.0,jupyterlab-jupytext,https://www.npmjs.com/package/jupyterlab-jupytext,2024-05-05 22:22:30.609,5.0,3313.0,,,,,,,,,,,,,,,,,,
14,Jupyter Book,"Create beautiful, publication-quality books and documents from computational content.",https://github.com/jupyter-book/jupyter-book,,notebook-sharing,35,True,jupyter-book,executablebooks/jupyter-book,conda-forge/jupyter-book,https://github.com/jupyter-book/jupyter-book,BSD-3-Clause,2018-06-14 01:55:51.000,2025-03-04 17:06:13.000000,2025-02-28 14:55:33,1628.0,13.0,675.0,58.0,854.0,650.0,793.0,3989.0,2025-02-25 10:37:05.000,1.0.4,56.0,187064.0,55.0,17589.0,17207.0,141.0,https://pypi.org/project/jupyter-book,2025-02-28 14:55:46.000,382.0,183042.0,https://anaconda.org/conda-forge/jupyter-book,2025-03-01 14:12:07.269,197120.0,1.0,,,,,,,,,,,,jupyter-book/jupyter-book,,,,,,,,,,,
15,nbformat,Reference implementation of the Jupyter Notebook format.,https://github.com/jupyter/nbformat,,notebook-tools,35,True,nbformat,jupyter/nbformat,conda-forge/nbformat,https://github.com/jupyter/nbformat,BSD-3-Clause,2015-04-09 01:07:29.000,2025-03-03 20:59:59.000000,2024-06-10 13:21:47,1053.0,,154.0,26.0,261.0,69.0,84.0,284.0,2024-04-04 11:20:44.000,5.10.4,553.0,31524750.0,43.0,347608.0,345658.0,80.0,https://pypi.org/project/nbformat,2024-04-04 11:20:34.000,1945.0,31030146.0,https://anaconda.org/conda-forge/nbformat,2024-12-05 12:48:01.529,27692796.0,1.0,nbformat-schema,https://www.npmjs.com/package/nbformat-schema,2024-04-04 11:20:41.048,5.0,80.0,,,,,,,,,,,,,,,,,,
16,pandas-profiling,1 Line of code data quality profiling & exploratory data analysis for Pandas and Spark DataFrames.,https://github.com/ydataai/ydata-profiling,,widgets,34,True,pandas-profiling,pandas-profiling/pandas-profiling,conda-forge/pandas-profiling,https://github.com/ydataai/ydata-profiling,MIT,2016-01-09 23:47:55.000,2025-03-05 17:41:49.000000,2025-03-05 05:51:38,1543.0,27.0,1697.0,151.0,855.0,242.0,585.0,12767.0,2025-03-05 15:18:38.000,4.13.0,268.0,397150.0,68.0,183.0,,137.0,https://pypi.org/project/pandas-profiling,2023-02-03 17:59:40.571,183.0,392345.0,https://anaconda.org/conda-forge/pandas-profiling,2023-06-16 13:22:30.453,494803.0,1.0,,,,,,,,,,,,ydataai/ydata-profiling,-3.0,,,,,,,,,,
17,Perspective,"A data visualization and analytics component, especially well-suited for large and/or streaming datasets.",https://github.com/finos/perspective,,lab-extensions,34,True,perspective-python,finos/perspective,conda-forge/perspective,https://github.com/finos/perspective,Apache-2.0,2017-11-02 16:27:54.000,2025-03-06 06:07:02.000000,2025-03-02 19:33:59,6265.0,62.0,1201.0,123.0,1795.0,104.0,756.0,8843.0,2025-02-10 05:23:05.000,3.3.4,9450.0,49010.0,146.0,199.0,165.0,98.0,https://pypi.org/project/perspective-python,2025-02-10 05:21:24.000,28.0,14741.0,https://anaconda.org/conda-forge/perspective,2025-02-10 14:14:44.273,1887926.0,1.0,@finos/perspective-jupyterlab,https://www.npmjs.com/package/@finos/perspective-jupyterlab,2025-02-10 05:20:17.687,6.0,676.0,,,,,,,,,,,,,,,,,,
18,jupyter-matplotlib,Matplotlib Jupyter Integration.,https://github.com/matplotlib/ipympl,,widgets,34,True,ipympl,matplotlib/ipympl,conda-forge/ipympl,https://github.com/matplotlib/ipympl,BSD-3-Clause,2016-07-21 14:38:56.000,2025-03-05 03:59:50.000000,2025-03-05 03:58:16,533.0,12.0,224.0,36.0,272.0,160.0,168.0,1614.0,2025-03-05 03:52:16.704,0.11.7,,548329.0,53.0,14829.0,14355.0,36.0,https://pypi.org/project/ipympl,2025-03-05 03:50:48.000,467.0,509419.0,https://anaconda.org/conda-forge/ipympl,2025-01-07 03:10:50.387,1812943.0,1.0,jupyter-matplotlib,https://www.npmjs.com/package/jupyter-matplotlib,2025-03-05 03:52:16.704,7.0,6537.0,,,,,,,,1.0,,,,,,,,,,
19,Docker Stacks,Ready-to-run Docker images containing Jupyter applications.,https://github.com/jupyter/docker-stacks,,notebook-environments,33,True,,jupyter/docker-stacks,,https://github.com/jupyter/docker-stacks,BSD-3-Clause,2015-07-15 15:30:00.000,2025-03-05 02:02:48.000000,2025-03-05 02:01:07,3923.0,113.0,2992.0,189.0,1333.0,9.0,903.0,8590.0,,,,790850.0,,21.0,21.0,255.0,,,,,,,,2.0,,,,,,jupyter/scipy-notebook,https://hub.docker.com/r/jupyter/scipy-notebook,2023-10-20 20:03:34.298948,459.0,91738666.0,,,,,,,,,,,,,
20,JupyterLab Git,A Git extension for JupyterLab.,https://github.com/jupyterlab/jupyterlab-git,,lab-extensions,33,True,jupyterlab-git,jupyterlab/jupyterlab-git,conda-forge/jupyterlab-git,https://github.com/jupyterlab/jupyterlab-git,BSD-3-Clause,2017-06-20 17:31:00.000,2025-03-05 08:23:38.000000,2025-03-05 08:23:36,1933.0,13.0,329.0,40.0,746.0,112.0,510.0,1484.0,2025-02-10 22:17:33.000,0.51.0,465.0,241130.0,81.0,3128.0,3078.0,100.0,https://pypi.org/project/jupyterlab-git,2025-02-10 22:17:22.000,41.0,163872.0,https://anaconda.org/conda-forge/jupyterlab-git,2025-02-11 00:46:22.006,667886.0,1.0,@jupyterlab/git,https://www.npmjs.com/package/@jupyterlab/git,2025-02-10 22:17:20.434,9.0,65533.0,,,,,,,,,,,,,,,,,,
21,JupyterLab,JupyterLab computational environment.,https://github.com/jupyterlab/jupyterlab,,notebook-environments,32,True,jupyterlab,jupyterlab/jupyterlab,conda-forge/jupyterlab,https://github.com/jupyterlab/jupyterlab,BSD-3-Clause,2016-06-03 20:09:17.000,2025-02-20 12:37:17.000000,,,,3497.0,,,2550.0,,14389.0,2025-01-29 19:34:25.257,4.3.5,,32000297.0,554.0,3462.0,,511.0,https://pypi.org/project/jupyterlab,2025-02-19 22:17:54.000,3034.0,31559263.0,https://anaconda.org/conda-forge/jupyterlab,2025-02-20 00:15:30.489,12884959.0,2.0,@jupyterlab/ui-components,https://www.npmjs.com/package/@jupyterlab/ui-components,2025-02-19 22:24:03.032,428.0,218880.0,,,,,,,,,,,,,,,,,,
22,papermill,"Parameterize, execute, and analyze notebooks.",https://github.com/nteract/papermill,,widgets,32,True,papermill,nteract/papermill,conda-forge/papermill,https://github.com/nteract/papermill,BSD-3-Clause,2017-07-06 17:17:53.000,2025-01-07 00:03:45.000000,2024-10-05 15:29:31,989.0,,432.0,87.0,399.0,148.0,261.0,6104.0,2024-04-26 21:48:15.000,2.6.0,,2466399.0,75.0,7216.0,6881.0,121.0,https://pypi.org/project/papermill,2024-04-26 21:48:15.000,335.0,2453060.0,https://anaconda.org/conda-forge/papermill,2024-12-17 10:40:33.463,760340.0,2.0,,,,,,,,,,,,,,,,,,,,,,,
23,Voila,Voil turns Jupyter notebooks into standalone web applications.,https://github.com/voila-dashboards/voila,,notebook-sharing,32,True,voila,voila-dashboards/voila,conda-forge/voila,https://github.com/voila-dashboards/voila,BSD-3-Clause,2018-08-21 14:21:42.000,2025-03-03 20:05:54.000000,2025-03-03 20:05:54,1468.0,1.0,505.0,74.0,757.0,316.0,448.0,5608.0,2024-10-18 10:25:16.000,0.5.8,1827.0,144979.0,110.0,12145.0,11994.0,73.0,https://pypi.org/project/voila,2024-10-18 10:08:56.000,146.0,136376.0,https://anaconda.org/conda-forge/voila,2024-12-29 22:36:14.110,453950.0,2.0,@jupyter-voila/jupyterlab-preview,https://www.npmjs.com/package/@jupyter-voila/jupyterlab-preview,2020-05-19 10:24:11.555,5.0,154.0,,,,,,,,,,,,,,,,,,
24,nbdev,Create delightful software with Jupyter Notebooks.,https://github.com/AnswerDotAI/nbdev,,notebook-tools,32,True,nbdev,fastai/nbdev,,https://github.com/AnswerDotAI/nbdev,Apache-2.0,2019-11-18 17:37:35.000,2025-03-03 19:13:31.000000,2025-02-27 07:47:24,1877.0,29.0,505.0,49.0,588.0,166.0,740.0,5036.0,2024-12-03 21:00:28.000,2.3.34,,76880.0,175.0,349.0,,62.0,https://pypi.org/project/nbdev,2024-12-03 21:00:28.000,349.0,76880.0,,,,1.0,,,,,,,,,,,,AnswerDotAI/nbdev,,,,,,,,,,,
25,nikola,A static website and blog generator.,https://github.com/getnikola/nikola,,notebook-sharing,32,True,nikola,getnikola/nikola,,https://github.com/getnikola/nikola,MIT,2012-04-14 13:53:22.000,2025-03-04 23:41:59.000000,2025-03-04 23:41:59,10431.0,11.0,441.0,75.0,1572.0,62.0,2134.0,2650.0,2024-04-29 12:09:41.000,8.3.1,178.0,3767.0,89.0,539.0,537.0,241.0,https://pypi.org/project/nikola,2024-04-29 12:05:47.000,2.0,3766.0,,,,2.0,,,,,,,,,,,,,1.0,,,,,,,,,,
26,Jupyter Client,Jupyter protocol client APIs.,https://github.com/jupyter/jupyter_client,,notebook-tools,32,True,jupyter-client,jupyter/jupyter_client,conda-forge/jupyter_client,https://github.com/jupyter/jupyter_client,BSD-3-Clause,2015-04-09 06:57:29.000,2025-01-08 08:17:51.000000,2025-01-08 08:17:50,2614.0,2.0,287.0,35.0,666.0,200.0,205.0,413.0,2024-09-17 10:44:21.000,8.6.3,2222.0,35356274.0,96.0,1233.0,,137.0,https://pypi.org/project/jupyter-client,2024-09-17 10:44:15.000,1233.0,34862024.0,https://anaconda.org/conda-forge/jupyter_client,2024-12-05 23:28:36.082,27675183.0,1.0,,,,,,,,,,,,,,,,,,,,,,,
27,nbclient,A client library for executing notebooks. Formally nbconverts ExecutePreprocessor.,https://github.com/jupyter/nbclient,,notebook-tools,32,True,nbclient,jupyter/nbclient,conda-forge/nbclient,https://github.com/jupyter/nbclient,BSD-3-Clause,2020-01-13 17:29:49.000,2024-12-19 17:23:07.355000,2024-12-19 10:32:09,388.0,3.0,58.0,10.0,213.0,52.0,70.0,166.0,2024-12-19 10:32:31.000,0.10.2,725.0,29818687.0,43.0,216297.0,215830.0,40.0,https://pypi.org/project/nbclient,2024-12-19 10:32:24.000,467.0,29498263.0,https://anaconda.org/conda-forge/nbclient,2024-12-19 17:23:07.355,18263270.0,1.0,,,,,,,,,,,,,,,,,,,,,,,
28,nteract,The interactive computing suite for you!.,https://github.com/nteract/nteract,,notebook-environments,31,False,nteract_on_jupyter,nteract/nteract,,https://github.com/nteract/nteract,BSD-3-Clause,2015-06-15 23:21:49.000,2023-12-30 16:09:02.000000,2023-12-30 16:09:02,11273.0,,551.0,149.0,3990.0,192.0,1522.0,6235.0,2021-10-22 17:46:48.907,7.0.20,1553501.0,80171.0,94.0,32.0,3.0,180.0,https://pypi.org/project/nteract_on_jupyter,2019-07-16 03:59:16.000,,1179.0,,,,2.0,@nteract/messaging,https://www.npmjs.com/package/@nteract/messaging,2021-10-22 17:46:48.907,29.0,64337.0,,,,,,,,,,,,,,,,,,
29,nbdime,Tools for diffing and merging of Jupyter notebooks.,https://github.com/jupyter/nbdime,,notebook-sharing,31,True,nbdime,jupyter/nbdime,conda-forge/nbdime,https://github.com/jupyter/nbdime,BSD-3-Clause,2015-11-16 09:25:53.000,2024-12-18 15:02:10.136000,2024-09-05 13:24:50,2142.0,,160.0,43.0,429.0,94.0,267.0,2707.0,2024-09-05 13:25:18.000,4.0.2,272.0,241263.0,37.0,11598.0,11491.0,51.0,https://pypi.org/project/nbdime,2024-09-05 13:25:03.000,99.0,206736.0,https://anaconda.org/conda-forge/nbdime,2024-12-18 15:02:10.136,1168179.0,2.0,nbdime-jupyterlab,https://www.npmjs.com/package/nbdime-jupyterlab,2024-09-05 13:25:15.449,8.0,12475.0,,,,,,,,-2.0,,,,,,,,,,
30,ipyleaflet,A Jupyter - Leaflet.js bridge.,https://github.com/jupyter-widgets/ipyleaflet,,widgets,31,True,ipyleaflet,jupyter-widgets/ipyleaflet,conda-forge/ipyleaflet,https://github.com/jupyter-widgets/ipyleaflet,MIT,2014-05-07 16:32:10.000,2024-12-16 09:24:29.167000,2024-12-05 15:39:58,1196.0,,362.0,68.0,617.0,297.0,362.0,1508.0,2024-07-22 08:02:59.000,0.19.2,,206421.0,84.0,15065.0,14781.0,92.0,https://pypi.org/project/ipyleaflet,2024-07-22 08:02:59.000,275.0,176647.0,https://anaconda.org/conda-forge/ipyleaflet,2024-12-16 09:24:29.167,1385595.0,2.0,jupyter-leaflet,https://www.npmjs.com/package/jupyter-leaflet,2024-07-22 08:02:28.803,9.0,5885.0,,,,,,,,,,,,,,,,,,
31,VSCode Jupyter,VS Code Jupyter extension.,https://github.com/microsoft/vscode-jupyter,,notebook-environments,31,True,,microsoft/vscode-jupyter,conda-forge/vscode-jupyter,https://github.com/microsoft/vscode-jupyter,MIT,2020-09-10 23:39:14.000,2025-03-06 10:22:47.000000,2025-03-06 10:22:46,8928.0,41.0,300.0,43.0,4715.0,209.0,10053.0,1338.0,2025-03-04 19:05:14.000,2025.2.0,1337.0,2495.0,47.0,3.0,3.0,276.0,,,,,https://anaconda.org/conda-forge/vscode-jupyter,2023-06-16 19:25:09.142,118552.0,2.0,,,,,,,,,,,,,,,,,,,,,,,
32,D-Tale,Visualizer for Pandas Data Structures.,https://github.com/man-group/dtale,,widgets,30,False,dtale,man-group/dtale,conda-forge/dtale,https://github.com/man-group/dtale,LGPL-2.1,2019-07-15 09:34:48.000,2025-03-05 22:44:32.000000,2024-12-13 16:40:15,828.0,3.0,413.0,71.0,306.0,62.0,534.0,4868.0,2024-12-13 16:37:39.000,3.16.1,,83103.0,190.0,1421.0,1373.0,30.0,https://pypi.org/project/dtale,2024-12-13 16:37:39.000,48.0,76297.0,https://anaconda.org/conda-forge/dtale,2024-12-13 17:33:14.415,394791.0,2.0,,,,,,,,,,,,,,,,,,,,,,,
33,bqplot,Plotting library for IPython/Jupyter notebooks.,https://github.com/bqplot/bqplot,,widgets,30,True,bqplot,bqplot/bqplot,conda-forge/bqplot,https://github.com/bqplot/bqplot,Apache-2.0,2015-09-26 04:02:18.000,2025-02-11 15:39:48.000000,2024-10-22 15:05:01,3667.0,,466.0,102.0,1069.0,271.0,368.0,3645.0,2024-12-24 14:19:50.859,0.5.45,,212664.0,113.0,188.0,61.0,65.0,https://pypi.org/project/bqplot,2024-12-24 14:19:25.000,106.0,184820.0,https://anaconda.org/conda-forge/bqplot,2024-12-16 10:22:21.065,1512868.0,2.0,bqplot,https://www.npmjs.com/package/bqplot,2024-12-24 14:19:50.859,21.0,1761.0,,,,,,,,,,,,,,,,,,
34,sparkmagic,Jupyter magics and kernels for working with remote Spark clusters.,https://github.com/jupyter-incubator/sparkmagic,,magic,30,True,sparkmagic,jupyter-incubator/sparkmagic,conda-forge/sparkmagic,https://github.com/jupyter-incubator/sparkmagic,BSD-3-Clause,2015-09-21 15:35:25.000,2025-03-03 17:14:31.000000,2024-11-22 22:58:54,1423.0,,448.0,47.0,506.0,158.0,303.0,1343.0,2024-11-13 15:17:16.000,0.22.0,,34284.0,57.0,393.0,386.0,69.0,https://pypi.org/project/sparkmagic,2024-11-13 15:17:16.000,7.0,31402.0,https://anaconda.org/conda-forge/sparkmagic,2024-11-14 16:28:21.952,155628.0,1.0,,,,,,,,,,,,,,,,,,,,,,,
35,LFortran,Official main repository for LFortran.,https://github.com/lfortran/lfortran,,kernels,30,True,lfortran,lfortran/lfortran,conda-forge/lfortran,https://github.com/lfortran/lfortran,MIT,2019-03-24 13:22:20.000,2025-03-06 10:25:12.000000,2025-03-06 10:25:12,19266.0,1361.0,184.0,25.0,3449.0,1552.0,1491.0,1024.0,2025-02-28 18:17:28.000,0.46.0,2380.0,4154.0,48.0,,,109.0,https://pypi.org/project/lfortran,2020-07-31 19:39:55.000,,132.0,https://anaconda.org/conda-forge/lfortran,2025-02-28 20:38:05.846,215549.0,1.0,,,,,,,,,,,,,,,,,,,,,,,
36,OAuthenticator,OAuth + JupyterHub Authenticator = OAuthenticator.,https://github.com/jupyterhub/oauthenticator,,hub-auth,30,True,oauthenticator,jupyterhub/oauthenticator,conda-forge/oauthenticator,https://github.com/jupyterhub/oauthenticator,BSD-3-Clause,2014-09-23 21:37:06.000,2025-03-04 10:20:17.000000,2025-03-04 10:20:15,1792.0,16.0,367.0,20.0,473.0,51.0,266.0,424.0,2024-12-03 09:56:58.000,17.2.0,,70586.0,50.0,525.0,494.0,126.0,https://pypi.org/project/oauthenticator,2024-12-11 14:05:06.000,31.0,69231.0,https://anaconda.org/conda-forge/oauthenticator,2024-12-13 18:26:22.378,71837.0,1.0,,,,,,,,,,,,,,,,,,,,,,,
37,JupyterLab Debugger,"A visual debugger for Jupyter notebooks, consoles, and source files.",https://github.com/jupyterlab/debugger,,lab-extensions,29,False,,jupyterlab/debugger,,https://github.com/jupyterlab/debugger,BSD-3-Clause,2019-07-19 18:19:17.000,2025-02-19 22:19:25.025000,2021-03-31 14:20:34,1174.0,,3497.0,20.0,322.0,31.0,245.0,14389.0,2025-01-29 19:28:51.457,4.3.5,,76947.0,289.0,19.0,,11.0,,,,,,,,1.0,@jupyterlab/debugger,https://www.npmjs.com/package/@jupyterlab/debugger,2025-02-19 22:19:25.025,19.0,76947.0,,,,,,,,,,,,,,,,,,
38,Contrib NBextensions,A collection of various notebook extensions for Jupyter.,https://github.com/ipython-contrib/jupyter_contrib_nbextensions,,jupyter-extensions,29,False,jupyter_contrib_nbextensions,ipython-contrib/jupyter_contrib_nbextensions,conda-forge/jupyter_contrib_nbextensions,https://github.com/ipython-contrib/jupyter_contrib_nbextensions,BSD-3-Clause,2013-07-13 17:05:16.000,2024-07-04 10:37:29.000000,2022-12-21 19:56:24,2660.0,,807.0,132.0,854.0,387.0,462.0,5262.0,2022-11-15 17:33:00.905,0.7.0,,339164.0,18.0,252.0,20.0,135.0,https://pypi.org/project/jupyter_contrib_nbextensions,2022-11-15 17:33:00.905,232.0,319070.0,https://anaconda.org/conda-forge/jupyter_contrib_nbextensions,2023-06-16 13:22:12.750,2069768.0,1.0,,,,,,,,,,,,,,,,,,,,,,,
39,ipyparallel,IPython Parallel: Interactive Parallel Computing in Python.,https://github.com/ipython/ipyparallel,,notebook-tools,29,False,ipyparallel,ipython/ipyparallel,conda-forge/ipyparallel,https://github.com/ipython/ipyparallel,,2015-04-09 07:43:55.000,2025-03-04 08:08:40.000000,2025-03-04 08:08:38,3033.0,40.0,1007.0,123.0,555.0,61.0,309.0,2604.0,2024-11-06 12:07:08.000,9.0.0,,433660.0,49.0,125.0,,114.0,https://pypi.org/project/ipyparallel,2025-03-03 10:24:03.000,125.0,410940.0,https://anaconda.org/conda-forge/ipyparallel,2025-03-03 12:08:16.093,1204192.0,2.0,,,,,,,,,,,,,,,,,,,,,,,
40,elyra,Elyra extends JupyterLab with an AI centric approach.,https://github.com/elyra-ai/elyra,,lab-extensions,29,True,elyra,elyra-ai/elyra,conda-forge/elyra,https://github.com/elyra-ai/elyra,Apache-2.0,2019-10-22 21:37:58.000,2025-02-21 17:38:04.000000,2025-02-20 15:01:11,1979.0,39.0,350.0,44.0,1543.0,262.0,1369.0,1890.0,2023-03-29 14:23:28.000,3.15.0,,6221.0,128.0,84.0,70.0,67.0,https://pypi.org/project/elyra,2025-02-16 00:43:32.000,4.0,5008.0,https://anaconda.org/conda-forge/elyra,2023-06-16 19:21:23.887,64506.0,1.0,@elyra/services,https://www.npmjs.com/package/@elyra/services,2023-03-29 00:30:07.768,10.0,41.0,,,,,,,,,,,,,,,,,,
41,ipython-sql,"%%sql magic for IPython, hopefully evolving into full SQL client.",https://github.com/catherinedevlin/ipython-sql,,magic,29,False,ipython-sql,catherinedevlin/ipython-sql,conda-forge/ipython-sql,https://github.com/catherinedevlin/ipython-sql,MIT,2013-03-20 16:41:10.000,2024-07-12 16:16:57.000000,2023-04-21 20:49:35,292.0,,369.0,49.0,100.0,115.0,44.0,1792.0,2023-02-27 00:06:57.430,0.5.0,,137188.0,19.0,9016.0,9004.0,55.0,https://pypi.org/project/ipython-sql,2023-02-27 00:06:57.430,12.0,134232.0,https://anaconda.org/conda-forge/ipython-sql,2023-06-16 13:23:09.898,304532.0,1.0,,,,,,,,,,,,,,,,,,,,,,,
42,Stencila,Documents with Scientific Intelligence.,https://github.com/stencila/stencila,,notebook-sharing,29,True,,stencila/stencila,,https://github.com/stencila/stencila,Apache-2.0,2012-05-31 02:43:31.000,2025-03-06 06:37:47.000000,2025-03-05 21:35:51,16640.0,1356.0,50.0,27.0,1715.0,105.0,770.0,816.0,2025-03-05 09:50:20.000,2.0.3,5508.0,265.0,100.0,29.0,20.0,49.0,,,,,,,,2.0,stencila,https://www.npmjs.com/package/stencila,2020-11-06 15:20:04.059,9.0,17.0,stencila/cloud,https://hub.docker.com/r/stencila/cloud,2019-04-08 04:14:51.284193,,16501.0,,,,,,,,,,,,,
43,KubeSpawner,Kubernetes spawner for JupyterHub.,https://github.com/jupyterhub/kubespawner,,hub-spawners,29,True,jupyterhub-kubespawner,jupyterhub/kubespawner,conda-forge/jupyterhub-kubespawner,https://github.com/jupyterhub/kubespawner,BSD-3-Clause,2015-11-21 07:02:52.000,2025-03-03 20:42:03.000000,2025-02-04 06:26:44,1708.0,3.0,305.0,25.0,502.0,89.0,296.0,559.0,2024-10-25 13:27:29.000,7.0.0,,17591.0,42.0,197.0,187.0,90.0,https://pypi.org/project/jupyterhub-kubespawner,2024-10-25 13:27:29.000,10.0,16912.0,https://anaconda.org/conda-forge/jupyterhub-kubespawner,2023-11-23 12:55:19.939,32637.0,1.0,,,,,,,,,,,,,,,,,,,,,,,
44,DockerSpawner,Spawns JupyterHub single user servers in Docker containers.,https://github.com/jupyterhub/dockerspawner,,hub-spawners,29,True,dockerspawner,jupyterhub/dockerspawner,conda-forge/dockerspawner,https://github.com/jupyterhub/dockerspawner,BSD-3-Clause,2014-09-26 20:08:26.000,2025-03-03 20:41:51.000000,2025-02-12 13:22:51,755.0,26.0,308.0,26.0,254.0,27.0,254.0,509.0,2025-02-12 13:23:11.000,14.0.0,,37581.0,18.0,240.0,228.0,72.0,https://pypi.org/project/dockerspawner,2025-02-12 13:23:11.000,12.0,36972.0,https://anaconda.org/conda-forge/dockerspawner,2025-02-12 21:32:17.999,26208.0,1.0,,,,,,,,,,,,,,,,,,,,,,,
45,JupyterLab TOC,Table of Contents extension for JupyterLab.,https://github.com/jupyterlab/jupyterlab-toc,,lab-extensions,28,False,,jupyterlab/jupyterlab-toc,,https://github.com/jupyterlab/jupyterlab-toc,BSD-3-Clause,2018-03-12 15:55:19.000,2025-02-19 22:23:41.154000,2021-08-10 23:33:21,523.0,,3497.0,30.0,63.0,64.0,51.0,14389.0,2025-01-29 19:33:58.729,6.3.5,,199959.0,280.0,24.0,,14.0,,,,,,,,1.0,@jupyterlab/toc,https://www.npmjs.com/package/@jupyterlab/toc,2025-02-19 22:23:41.154,24.0,199959.0,,,,,,,,,,,,,,,,,,
46,Jupyter Themes,Custom Jupyter Notebook Themes.,https://github.com/dunovank/jupyter-themes,,jupyter-extensions,28,False,jupyterthemes,dunovank/jupyter-themes,,https://github.com/dunovank/jupyter-themes,MIT,2014-12-10 23:22:23.000,2023-10-18 13:16:38.000000,2023-10-18 13:16:38,638.0,,1058.0,156.0,79.0,205.0,205.0,9814.0,2018-11-22 17:02:16.000,0.20.0,,39343.0,116.0,60.0,21.0,43.0,https://pypi.org/project/jupyterthemes,2018-11-22 17:02:16.000,39.0,39343.0,,,,1.0,,,,,,,,,,,,,,,,,,,,,,,
47,RISE,RISE: Live Reveal.js Jupyter/IPython Slideshow Extension.,https://github.com/damianavila/RISE,,notebook-sharing,28,False,RISE,damianavila/RISE,conda-forge/rise,https://github.com/damianavila/RISE,BSD-3-Clause,2013-08-26 18:55:36.000,2024-08-06 13:10:53.364000,2023-10-29 13:51:05,770.0,,414.0,85.0,199.0,156.0,295.0,3714.0,2020-10-29 01:31:20.000,5.7.1,,17977.0,31.0,3073.0,3040.0,44.0,https://pypi.org/project/RISE,2022-11-03 16:45:29.021,31.0,11462.0,https://anaconda.org/conda-forge/rise,2024-08-06 13:10:53.364,364680.0,2.0,rise-reveal,https://www.npmjs.com/package/rise-reveal,2019-07-03 12:51:16.722,2.0,3.0,,,,,,,,,,,,,,,,,,
48,JupyterLab LSP,Coding assistance for JupyterLab (code navigation + hover suggestions + linters + autocompletion + rename) using..,https://github.com/jupyter-lsp/jupyterlab-lsp,,lab-extensions,28,True,jupyterlab-lsp,jupyter-lsp/jupyterlab-lsp,conda-forge/jupyter-lsp,https://github.com/jupyter-lsp/jupyterlab-lsp,BSD-3-Clause,2019-08-17 11:34:22.000,2025-01-14 08:58:59.000000,2025-01-14 08:58:59,2947.0,2.0,149.0,20.0,540.0,205.0,381.0,1852.0,2024-04-09 17:59:47.000,jupyter-lsp-2.2.5,,172580.0,67.0,2418.0,2365.0,52.0,https://pypi.org/project/jupyterlab-lsp,2024-02-26 15:39:40.000,46.0,107841.0,https://anaconda.org/conda-forge/jupyter-lsp,2024-12-06 13:54:05.623,3462738.0,1.0,@krassowski/jupyterlab-lsp,https://www.npmjs.com/package/@krassowski/jupyterlab-lsp,2022-08-26 15:27:01.064,7.0,615.0,,,,,,,,,,,,,,,,,,
49,repo2docker,Turn repositories into Jupyter-enabled Docker images.,https://github.com/jupyterhub/repo2docker,,notebook-tools,28,True,jupyter-repo2docker,jupyterhub/repo2docker,,https://github.com/jupyterhub/repo2docker,BSD-3-Clause,2017-05-09 08:36:30.000,2025-03-03 20:44:06.000000,2025-02-21 12:09:45,2926.0,85.0,362.0,46.0,870.0,176.0,378.0,1657.0,2024-07-01 21:56:23.000,2024.7.0,,3623.0,22.0,29.0,,127.0,https://pypi.org/project/jupyter-repo2docker,2024-07-01 21:56:23.000,29.0,3623.0,,,,2.0,,,,,,,,,,,,,,,,,,,,,,,
50,nbgrader,A system for assigning and grading notebooks.,https://github.com/jupyter/nbgrader,,jupyter-extensions,28,True,nbgrader,jupyter/nbgrader,conda-forge/nbgrader,https://github.com/jupyter/nbgrader,BSD-3-Clause,2014-09-13 03:27:36.000,2025-01-29 15:00:15.000000,2025-01-29 15:00:06,3441.0,7.0,319.0,40.0,975.0,280.0,675.0,1314.0,2025-01-17 14:18:41.000,0.9.5,664.0,13576.0,43.0,24.0,3.0,109.0,https://pypi.org/project/nbgrader,2025-01-17 14:18:30.000,21.0,9295.0,https://anaconda.org/conda-forge/nbgrader,2025-01-19 14:50:04.622,205264.0,1.0,,,,,,,,,,,,,,,,,,,,,,,
51,pythreejs,A Jupyter - Three.js bridge.,https://github.com/jupyter-widgets/pythreejs,,widgets,28,False,pythreejs,jupyter-widgets/pythreejs,conda-forge/pythreejs,https://github.com/jupyter-widgets/pythreejs,BSD-3-Clause,2013-12-23 17:02:11.000,2025-02-26 10:18:54.494000,2023-02-20 00:24:10,1723.0,,190.0,41.0,176.0,72.0,174.0,960.0,2023-02-20 00:24:01.104,2.4.2,,88994.0,46.0,96.0,,30.0,https://pypi.org/project/pythreejs,2023-02-20 00:24:01.104,82.0,75467.0,https://anaconda.org/conda-forge/pythreejs,2025-02-26 10:18:54.494,642444.0,2.0,jupyter-threejs,https://www.npmjs.com/package/jupyter-threejs,2023-02-20 00:16:17.277,14.0,1406.0,,,,,,,,,,,,,,,,,,
52,facets-overview,Visualizations for machine learning datasets.,https://github.com/PAIR-code/facets,,widgets,27,False,facets-overview,pair-code/facets,,https://github.com/PAIR-code/facets,Apache-2.0,2017-07-07 14:03:03.000,2023-05-24 15:58:01.158000,2023-05-24 15:56:22,277.0,,886.0,268.0,98.0,82.0,81.0,7362.0,2023-05-24 15:58:01.158,1.1.1,,35983.0,9.0,306.0,298.0,31.0,https://pypi.org/project/facets-overview,2023-05-24 15:58:01.158,8.0,35983.0,,,,2.0,,,,,,,,,,,,,,,,,,,,,,,
53,Evcxr,"An evaluation context for Rust, including a Jupyter Kernel.",https://github.com/evcxr/evcxr,,kernels,27,True,,evcxr/evcxr,,https://github.com/evcxr/evcxr,MIT,2018-09-25 10:19:22.000,2025-03-01 22:04:03.000000,2025-03-01 22:02:53,749.0,31.0,220.0,56.0,105.0,116.0,153.0,5788.0,2025-03-01 22:08:02.000,0.19.0,6381.0,212.0,8.0,167.0,167.0,50.0,,,,,,,,1.0,,,,,,,,,,,,,3.0,,,,,,,,,,
54,BeakerX,Beaker Extensions for Jupyter Notebook.,https://github.com/twosigma/beakerx,,notebook-tools,27,False,beakerx,twosigma/beakerx,conda-forge/beakerx,https://github.com/twosigma/beakerx,Apache-2.0,2013-12-03 14:16:36.000,2024-04-24 07:40:03.000000,2021-01-21 14:02:57,1689.0,,382.0,120.0,3799.0,353.0,4176.0,2831.0,2024-04-24 07:40:03.000,2.4.3,39.0,11332.0,59.0,25.0,,81.0,https://pypi.org/project/beakerx,2024-04-24 07:40:03.000,22.0,1173.0,https://anaconda.org/conda-forge/beakerx,2023-06-16 13:23:56.494,742104.0,2.0,beakerx,https://www.npmjs.com/package/beakerx,2019-04-06 03:31:02.776,3.0,62.0,beakerx/beakerx,https://hub.docker.com/r/beakerx/beakerx,2018-12-02 20:23:21.082606,23.0,250028.0,,,,,,,,,,,,,
55,jupyter-dash,OBSOLETE - Dash v2.11+ has Jupyter support built in!.,https://github.com/plotly/jupyter-dash,,widgets,27,False,jupyter-dash,plotly/jupyter-dash,conda-forge/jupyter-dash,https://github.com/plotly/jupyter-dash,MIT,2020-04-26 18:43:59.000,2024-06-01 18:02:38.000000,2023-08-11 17:18:48,162.0,,233.0,43.0,49.0,55.0,30.0,961.0,2022-04-01 20:13:44.000,0.4.2,135.0,157195.0,14.0,4717.0,4577.0,10.0,https://pypi.org/project/jupyter-dash,2022-04-01 20:05:08.000,135.0,147781.0,https://anaconda.org/conda-forge/jupyter-dash,2023-06-16 19:23:51.624,400856.0,2.0,jupyterlab-dash,https://www.npmjs.com/package/jupyterlab-dash,2021-01-22 17:06:54.671,5.0,1704.0,,,,,,,,,,,,,,,,,,
56,nglview,Jupyter widget to interactively view molecular structures and trajectories.,https://github.com/nglviewer/nglview,,widgets,27,True,nglview,nglviewer/nglview,conda-forge/nglview,https://github.com/nglviewer/nglview,MIT,2015-11-09 16:48:57.000,2025-01-24 00:43:29.000000,2024-12-08 02:13:22,1476.0,2.0,134.0,21.0,647.0,36.0,468.0,846.0,2024-11-28 01:48:30.787,3.1.5,313.0,84078.0,86.0,102.0,4.0,39.0,https://pypi.org/project/nglview,2024-11-25 05:49:23.000,91.0,66236.0,https://anaconda.org/conda-forge/nglview,2024-11-25 12:59:02.605,867880.0,2.0,nglview-js-widgets,https://www.npmjs.com/package/nglview-js-widgets,2024-11-28 01:48:30.787,7.0,2615.0,,,,,,,,,,,,,,,,,,
57,itables,Pandas DataFrames as Interactive DataTables.,https://github.com/mwouts/itables,,widgets,27,True,itables,mwouts/itables,conda-forge/itables,https://github.com/mwouts/itables,MIT,2019-04-15 22:09:44.000,2025-02-24 11:57:59.787000,2025-02-24 08:47:10,300.0,7.0,59.0,13.0,178.0,31.0,146.0,836.0,2025-02-24 08:49:24.000,2.2.5,,708964.0,69.0,1042.0,975.0,9.0,https://pypi.org/project/itables,2025-02-24 08:50:59.000,67.0,706020.0,https://anaconda.org/conda-forge/itables,2025-02-24 11:57:59.787,111894.0,2.0,,,,,,,,,,,,,,,,,,,,,,,
58,Resource Usage,Jupyter Notebook Extension for monitoring your own Resource Usage.,https://github.com/jupyter-server/jupyter-resource-usage,,jupyter-extensions,27,True,jupyter-resource-usage,jupyter-server/jupyter-resource-usage,conda-forge/nbresuse,https://github.com/jupyter-server/jupyter-resource-usage,BSD-2-Clause,2016-04-22 07:01:34.000,2025-02-04 13:13:24.000000,2025-02-04 13:13:04,390.0,4.0,103.0,9.0,146.0,46.0,50.0,509.0,2025-02-04 13:13:32.000,1.1.1,487.0,72531.0,16.0,882.0,859.0,36.0,https://pypi.org/project/jupyter-resource-usage,2025-02-04 13:13:24.000,17.0,58936.0,https://anaconda.org/conda-forge/nbresuse,2023-06-16 19:18:24.900,571854.0,2.0,@jupyter-server/resource-usage,https://www.npmjs.com/package/@jupyter-server/resource-usage,2024-07-31 11:48:04.211,6.0,4056.0,,,,,,,,,,,,,,,,,,
59,mkdocs-jupyter,Use Jupyter Notebook in mkdocs.,https://github.com/danielfrg/mkdocs-jupyter,,notebook-sharing,27,True,mkdocs-jupyter,danielfrg/mkdocs-jupyter,conda-forge/mkdocs-jupyter,https://github.com/danielfrg/mkdocs-jupyter,Apache-2.0,2019-12-18 02:11:34.000,2025-02-21 03:41:52.000000,2025-02-21 03:41:52,256.0,2.0,54.0,6.0,98.0,36.0,104.0,428.0,2024-10-15 14:56:29.000,0.25.1,,160732.0,39.0,3977.0,3528.0,33.0,https://pypi.org/project/mkdocs-jupyter,2024-10-15 14:56:29.000,449.0,158810.0,https://anaconda.org/conda-forge/mkdocs-jupyter,2025-01-13 21:03:39.287,99994.0,2.0,,,,,,,,,,,,,,,,,,,,,,,
60,jupyter-server-proxy,Jupyter notebook server extension to proxy web services.,https://github.com/jupyterhub/jupyter-server-proxy,,jupyter-extensions,27,True,jupyter-server-proxy,jupyterhub/jupyter-server-proxy,conda-forge/jupyter-server-proxy,https://github.com/jupyterhub/jupyter-server-proxy,BSD-3-Clause,2016-10-18 22:02:06.000,2025-03-03 20:42:33.000000,2025-02-27 15:23:42,1189.0,4.0,149.0,17.0,307.0,84.0,141.0,359.0,2024-08-29 12:49:20.000,4.4.0,,321584.0,37.0,192.0,5.0,79.0,https://pypi.org/project/jupyter-server-proxy,2024-08-29 12:49:20.000,180.0,290341.0,https://anaconda.org/conda-forge/jupyter-server-proxy,2024-12-16 20:02:38.434,1697078.0,2.0,@jupyterlab/server-proxy,https://www.npmjs.com/package/@jupyterlab/server-proxy,2024-06-11 15:51:52.317,7.0,1984.0,,,,,,,,,,,,,,,,,,
61,sos,SoS workflow system for daily data analysis.,https://github.com/vatlab/sos,,notebook-environments,27,True,sos-notebook,vatlab/SOS,conda-forge/sos,https://github.com/vatlab/sos,BSD-3-Clause,2016-02-13 00:46:46.000,2024-12-20 18:49:05.447000,2024-10-17 01:53:58,7653.0,,45.0,8.0,78.0,65.0,1391.0,275.0,2023-09-25 05:56:08.000,0.24.4,,5558.0,168.0,7154.0,7132.0,36.0,https://pypi.org/project/sos-notebook,2023-09-25 05:56:08.000,22.0,1977.0,https://anaconda.org/conda-forge/sos,2024-12-20 18:49:05.447,207706.0,2.0,,,,,,,,,,,,,,,,,,,,,,,
62,jupyter-console,Jupyter Terminal Console.,https://github.com/jupyter/jupyter_console,,others,27,False,jupyter-console,jupyter/jupyter_console,conda-forge/jupyter_console,https://github.com/jupyter/jupyter_console,BSD-3-Clause,2015-04-09 06:58:55.000,2024-12-10 08:09:42.703000,2023-03-06 14:13:15,629.0,,148.0,28.0,142.0,71.0,94.0,257.0,2023-03-06 14:15:13.579,6.6.3,545.0,8109314.0,26.0,232.0,,61.0,https://pypi.org/project/jupyter-console,2023-03-06 14:15:13.579,232.0,8014408.0,https://anaconda.org/conda-forge/jupyter_console,2024-12-10 08:09:42.703,5219050.0,2.0,,,,,,,,,,,,,,,,,,,,,,,
63,jdaviz,Interactive data visualization and analysis tools for astronomical observations.,https://github.com/spacetelescope/jdaviz,,widgets,27,True,jdaviz,spacetelescope/jdaviz,,https://github.com/spacetelescope/jdaviz,BSD-3-Clause,2019-05-07 17:54:06.000,2025-03-05 13:36:17.000000,2025-03-03 15:48:18,5561.0,96.0,77.0,16.0,2304.0,324.0,734.0,149.0,2025-01-31 19:29:58.000,4.1.1,,2757.0,51.0,61.0,55.0,35.0,https://pypi.org/project/jdaviz,2025-01-31 19:49:06.000,6.0,2757.0,,,,2.0,,,,,,,,,,,,,1.0,,,,,,,,,,
64,qgrid,"An interactive grid for sorting, filtering, and editing DataFrames in Jupyter notebooks.",https://github.com/quantopian/qgrid,,widgets,26,False,qgrid,quantopian/qgrid,conda-forge/qgrid,https://github.com/quantopian/qgrid,Apache-2.0,2014-09-30 04:33:20.000,2025-01-11 09:05:21.416000,2020-04-07 18:56:49,405.0,,422.0,87.0,105.0,181.0,127.0,3067.0,2020-04-07 16:43:54.000,1.3.1,,24312.0,73.0,60.0,12.0,30.0,https://pypi.org/project/qgrid,2020-04-07 16:43:54.000,41.0,15474.0,https://anaconda.org/conda-forge/qgrid,2025-01-11 09:05:21.416,458682.0,2.0,qgrid,https://www.npmjs.com/package/qgrid,2018-07-11 05:36:40.781,7.0,184.0,,,,,,,,,,,,,,,,,,
65,docker-python,Kaggle Python docker image.,https://github.com/Kaggle/docker-python,,notebook-environments,26,True,,kaggle/docker-python,,https://github.com/Kaggle/docker-python,Apache-2.0,2015-04-14 01:45:38.000,2025-02-19 22:28:25.882827,2025-02-18 22:25:51,2430.0,20.0,939.0,94.0,1087.0,18.0,353.0,2703.0,2025-02-19 22:17:38.000,f4b6dd72d4ac48c76fbb02bce0798b80b284102886ad37e6041e9ab721dc8873,,1664.0,100.0,,,166.0,,,,,,,,3.0,,,,,,kaggle/python,https://hub.docker.com/r/kaggle/python,2025-02-19 22:28:25.882827,186.0,198019.0,,,,,,,,,,,,,
66,ipyvolume,3d plotting for Python in the Jupyter notebook based on IPython widgets using WebGL.,https://github.com/widgetti/ipyvolume,,widgets,26,False,ipyvolume,maartenbreddels/ipyvolume,conda-forge/ipyvolume,https://github.com/widgetti/ipyvolume,MIT,2016-12-21 15:30:13.000,2024-12-19 22:54:04.393000,2023-07-07 13:05:16,1007.0,,236.0,54.0,125.0,188.0,131.0,1953.0,2023-06-02 14:35:02.046,0.6.3,,62262.0,53.0,79.0,17.0,45.0,https://pypi.org/project/ipyvolume,2023-06-02 14:35:02.046,56.0,50213.0,https://anaconda.org/conda-forge/ipyvolume,2024-12-19 22:54:04.393,541766.0,2.0,ipyvolume,https://www.npmjs.com/package/ipyvolume,2023-06-02 14:33:47.239,6.0,523.0,,,,,,,widgetti/ipyvolume,,,,,,,,,,,
67,nbQA,"Run ruff, isort, pyupgrade, mypy, pylint, flake8, and more on Jupyter Notebooks.",https://github.com/nbQA-dev/nbQA,,notebook-tools,26,True,nbqa,nbQA-dev/nbQA,conda-forge/nbqa,https://github.com/nbQA-dev/nbQA,MIT,2020-07-11 15:30:54.000,2025-03-03 18:08:10.000000,2025-01-20 19:50:29,741.0,4.0,42.0,9.0,579.0,12.0,288.0,1092.0,2024-11-10 12:22:28.000,1.9.1,135.0,280460.0,96.0,113.0,,36.0,https://pypi.org/project/nbqa,2024-11-10 12:21:56.000,113.0,276735.0,https://anaconda.org/conda-forge/nbqa,2024-08-27 21:27:48.828,196854.0,2.0,,,,,,,,,,,,,,,,,,,,,,,
68,PixieDust,Python Helper library for Jupyter Notebooks.,https://github.com/pixiedust/pixiedust,,notebook-tools,26,False,pixiedust,pixiedust/pixiedust,conda-forge/pixiedust,https://github.com/pixiedust/pixiedust,Apache-2.0,2016-07-01 17:34:14.000,2023-06-16 16:19:15.930000,2021-02-16 04:46:41,2157.0,,160.0,41.0,374.0,164.0,261.0,1043.0,2021-02-01 03:34:36.000,1.1.19,,5880.0,92.0,280.0,269.0,33.0,https://pypi.org/project/pixiedust,2021-02-01 03:34:36.000,11.0,4853.0,https://anaconda.org/conda-forge/pixiedust,2023-06-16 16:19:15.930,65767.0,2.0,,,,,,,,,,,,,,,,,,,,,,,
69,Bash Kernel,A bash kernel for IPython.,https://github.com/takluyver/bash_kernel,,kernels,26,True,bash_kernel,takluyver/bash_kernel,conda-forge/bash_kernel,https://github.com/takluyver/bash_kernel,BSD-3-Clause,2014-06-27 00:27:25.000,2025-01-06 12:32:01.332000,2025-01-05 15:15:13,122.0,7.0,142.0,26.0,39.0,13.0,98.0,719.0,2025-01-05 15:18:48.000,0.10.0,,69475.0,16.0,394.0,371.0,21.0,https://pypi.org/project/bash_kernel,2025-01-05 15:18:48.000,23.0,65176.0,https://anaconda.org/conda-forge/bash_kernel,2025-01-06 12:32:01.332,227866.0,1.0,,,,,,,,,,,,,,,,,,,,,,,
70,itkwidgets,An elegant Python interface for visualization on the web platform to interactively generate insights into..,https://github.com/InsightSoftwareConsortium/itkwidgets,,widgets,26,True,itkwidgets,InsightSoftwareConsortium/itkwidgets,conda-forge/itkwidgets,https://github.com/InsightSoftwareConsortium/itkwidgets,Apache-2.0,2018-02-15 01:43:39.000,2025-02-27 21:59:10.000000,2025-02-27 21:59:10,657.0,9.0,84.0,24.0,490.0,123.0,166.0,593.0,2023-03-02 22:39:43.651,0.32.6,130.0,16453.0,123.0,396.0,359.0,27.0,https://pypi.org/project/itkwidgets,2025-02-07 20:08:30.000,32.0,10019.0,https://anaconda.org/conda-forge/itkwidgets,2023-06-16 16:12:17.646,473118.0,2.0,itkwidgets,https://www.npmjs.com/package/itkwidgets,2023-03-02 22:39:43.651,5.0,207.0,,,,,,,,,,,,,,,,,,
71,nbval,A py.test plugin to validate Jupyter notebooks.,https://github.com/computationalmodelling/nbval,,notebook-tools,26,True,nbval,computationalmodelling/nbval,conda-forge/nbval,https://github.com/computationalmodelling/nbval,BSD-3-Clause,2015-04-09 09:40:33.000,2024-12-20 09:50:29.519000,2024-10-11 09:24:34,479.0,,51.0,11.0,102.0,49.0,69.0,450.0,2024-03-04 14:36:57.000,0.11.0,,218535.0,21.0,4089.0,3545.0,34.0,https://pypi.org/project/nbval,2024-03-04 14:36:57.000,544.0,209055.0,https://anaconda.org/conda-forge/nbval,2024-12-20 09:50:29.519,530885.0,2.0,,,,,,,,,,,,,,,,,,,,,,,
72,ipyvuetify,Jupyter widgets based on vuetify UI components.,https://github.com/widgetti/ipyvuetify,,widgets,26,True,ipyvuetify,mariobuikhuizen/ipyvuetify,conda-forge/ipyvuetify,https://github.com/widgetti/ipyvuetify,MIT,2019-05-14 17:35:51.000,2025-02-28 09:59:17.151000,2025-02-27 15:57:52,306.0,7.0,59.0,16.0,109.0,82.0,140.0,351.0,2025-02-27 16:09:56.882,1.11.1,,216817.0,67.0,1740.0,1635.0,14.0,https://pypi.org/project/ipyvuetify,2025-02-28 09:58:56.000,99.0,206113.0,https://anaconda.org/conda-forge/ipyvuetify,2025-02-26 14:50:58.815,247287.0,2.0,jupyter-vuetify,https://www.npmjs.com/package/jupyter-vuetify,2025-02-28 09:59:17.151,6.0,6289.0,,,,,,,widgetti/ipyvuetify,,,,,,,,,,,
73,nbgitpuller,Jupyter server extension to sync a git repository one-way to a local path.,https://github.com/jupyterhub/nbgitpuller,,jupyter-extensions,26,True,nbgitpuller,jupyterhub/nbgitpuller,conda-forge/nbgitpuller,https://github.com/jupyterhub/nbgitpuller,BSD-3-Clause,2017-05-24 19:41:10.000,2025-03-03 20:42:04.000000,2025-01-27 15:34:26,631.0,7.0,87.0,16.0,202.0,84.0,93.0,216.0,2025-01-27 14:47:40.000,1.2.2,,25433.0,24.0,937.0,927.0,35.0,https://pypi.org/project/nbgitpuller,2025-01-27 14:47:40.000,10.0,23366.0,https://anaconda.org/conda-forge/nbgitpuller,2025-01-27 17:36:54.844,113712.0,2.0,,,,,,,,,,,,,,,,,,,,,,,
74,LDAP Authenticator,LDAP Authenticator Plugin for Jupyter.,https://github.com/jupyterhub/ldapauthenticator,,hub-auth,26,True,jupyterhub-ldapauthenticator,jupyterhub/ldapauthenticator,conda-forge/jupyterhub-ldapauthenticator,https://github.com/jupyterhub/ldapauthenticator,BSD-3-Clause,2016-01-17 05:11:49.000,2025-03-03 20:42:12.000000,2024-11-06 15:52:22,350.0,,178.0,19.0,136.0,15.0,154.0,207.0,2024-11-06 15:52:36.000,2.0.2,,12849.0,14.0,153.0,153.0,36.0,https://pypi.org/project/jupyterhub-ldapauthenticator,2024-11-06 15:52:36.000,,12105.0,https://anaconda.org/conda-forge/jupyterhub-ldapauthenticator,2025-01-06 09:23:00.539,40967.0,1.0,,,,,,,,,,,,,,,,,,,,,,,
75,Jupyter Sphinx,Sphinx extension for rendering of Jupyter interactive widgets.,https://github.com/jupyter/jupyter-sphinx,,notebook-tools,26,True,jupyter_sphinx,jupyter/jupyter-sphinx,conda-forge/jupyter_sphinx,https://github.com/jupyter/jupyter-sphinx,BSD-3-Clause,2016-11-15 18:36:37.000,2024-12-17 09:56:47.448000,2024-06-17 11:07:05,435.0,,65.0,23.0,129.0,52.0,110.0,191.0,2023-12-28 12:19:39.000,0.5.3,,130040.0,21.0,3331.0,2800.0,28.0,https://pypi.org/project/jupyter_sphinx,2023-12-28 12:19:39.000,531.0,124249.0,https://anaconda.org/conda-forge/jupyter_sphinx,2024-12-17 09:56:47.448,324351.0,2.0,,,,,,,,,,,,,,,,,,,,,,,
76,Knowledge Repo,A next-generation curated knowledge sharing platform for data scientists and other technical professions.,https://github.com/airbnb/knowledge-repo,,notebook-sharing,25,False,knowledge-repo,airbnb/knowledge-repo,,https://github.com/airbnb/knowledge-repo,Apache-2.0,2016-08-17 23:32:50.000,2024-09-04 14:59:57.000000,2023-04-17 04:04:39,1329.0,,688.0,173.0,479.0,135.0,167.0,5505.0,2023-02-22 03:49:00.886,0.9.3,,624.0,33.0,21.0,21.0,73.0,https://pypi.org/project/knowledge-repo,2023-02-22 03:49:00.886,,624.0,,,,2.0,,,,,,,,,,,,,,,,,,,,,,,
77,ipyregulartable,"High performance, editable, stylable datagrids in jupyter and jupyterlab.",https://github.com/finos/ipyregulartable,,widgets,25,True,ipyregulartable,jpmorganchase/ipyregulartable,conda-forge/ipyregulartable,https://github.com/finos/ipyregulartable,Apache-2.0,2020-06-15 21:45:08.000,2025-01-21 21:59:03.769000,2024-11-18 14:03:43,251.0,,947.0,7.0,98.0,10.0,17.0,3190.0,2024-10-22 07:54:56.054,3.1.11,,90923.0,127.0,134.0,15.0,5.0,https://pypi.org/project/ipyregulartable,2021-01-08 04:41:11.000,2.0,256.0,https://anaconda.org/conda-forge/ipyregulartable,2025-01-21 21:59:03.769,7942.0,2.0,@jupyter-widgets/jupyterlab-manager,https://www.npmjs.com/package/@jupyter-widgets/jupyterlab-manager,2024-10-22 07:54:56.054,117.0,90515.0,,,,,,,finos/ipyregulartable,,,,,,,,,,,
78,.NET Interactive,".NET Interactive combines the power of .NET with many other languages to create notebooks, REPLs, and embedded coding..",https://github.com/dotnet/interactive,,kernels,25,True,,dotnet/interactive,,https://github.com/dotnet/interactive,MIT,2020-01-22 00:39:04.000,2025-03-05 08:12:46.000000,2025-02-27 23:16:23,5358.0,57.0,397.0,65.0,2090.0,562.0,1106.0,3000.0,2024-10-30 19:41:57.000,1.0.5530010,520.0,11.0,28.0,,,130.0,,,,,,,,2.0,,,,,,,,,,,,,,,,,,,,,,,
79,BinderHub,"Run your code in the cloud, with technology so advanced, it feels like magic!.",https://github.com/jupyterhub/binderhub,,notebook-sharing,25,True,binderhub,jupyterhub/binderhub,,https://github.com/jupyterhub/binderhub,BSD-3-Clause,2017-04-26 00:28:26.000,2025-03-03 20:41:46.000000,2025-02-26 11:55:49,3707.0,121.0,390.0,76.0,1200.0,233.0,499.0,2606.0,2018-11-07 17:41:58.000,0.1.0,,67.0,1.0,12.0,12.0,99.0,https://pypi.org/project/binderhub,2018-11-07 17:41:58.000,,67.0,,,,2.0,,,,,,,,,,,,,,binderhub,,,,,,,,,
80,almond,A Scala kernel for Jupyter.,https://github.com/almond-sh/almond,,kernels,25,True,,almond-sh/almond,,https://github.com/almond-sh/almond,BSD-3-Clause,2015-03-10 22:48:50.000,2025-03-06 05:04:24.000000,2025-03-03 21:57:21,1631.0,48.0,247.0,56.0,1160.0,132.0,208.0,1615.0,2023-05-15 14:58:56.000,0.13.14,2957.0,206.0,69.0,,,42.0,,,,,,,,2.0,,,,,,almondsh/almond,https://hub.docker.com/r/almondsh/almond,2025-02-25 21:39:45.027444,6.0,20363.0,,,,,,,,,,,,,
81,responsible-ai-widgets,Responsible AI Toolbox is a suite of tools providing model and data exploration and assessment user interfaces and..,https://github.com/microsoft/responsible-ai-toolbox,,widgets,25,True,raiwidgets,microsoft/responsible-ai-toolbox,,https://github.com/microsoft/responsible-ai-toolbox,MIT,2020-07-06 20:46:53.000,2025-02-07 15:09:04.000000,2025-02-07 15:09:02,1975.0,5.0,384.0,35.0,2289.0,86.0,235.0,1477.0,2024-07-08 18:03:34.000,0.36.0,,7205.0,57.0,6.0,,43.0,https://pypi.org/project/raiwidgets,2024-07-08 16:42:42.000,6.0,7205.0,,,,2.0,,,,,,,,,,,,,,,,,,,,,,,
82,Variable Inspector,Variable Inspector extension for Jupyterlab.,https://github.com/jupyterlab-contrib/jupyterlab-variableInspector,,lab-extensions,25,True,lckr-jupyterlab-variableinspector,lckr/jupyterlab-variableInspector,conda-forge/jupyterlab-variableinspector,https://github.com/jupyterlab-contrib/jupyterlab-variableInspector,BSD-3-Clause,2018-06-13 18:16:02.000,2025-02-20 07:13:23.000000,2025-02-20 07:13:20,234.0,5.0,97.0,25.0,147.0,51.0,134.0,1139.0,2024-09-05 09:46:44.000,3.2.4,319.0,80774.0,17.0,15.0,6.0,25.0,https://pypi.org/project/lckr-jupyterlab-variableinspector,2024-09-05 09:46:39.000,4.0,17708.0,https://anaconda.org/conda-forge/jupyterlab-variableinspector,2024-09-06 00:10:43.944,74167.0,2.0,@lckr/jupyterlab_variableinspector,https://www.npmjs.com/package/@lckr/jupyterlab_variableinspector,2024-09-05 09:46:38.118,5.0,61482.0,,,,,,,jupyterlab-contrib/jupyterlab-variableInspector,,,,,,,,,,,
83,NBextensions Configurator,A jupyter notebook serverextension providing config interfaces for nbextensions.,https://github.com/Jupyter-contrib/jupyter_nbextensions_configurator,,jupyter-extensions,25,True,jupyter_nbextensions_configurator,jupyter-contrib/jupyter_nbextensions_configurator,conda-forge/jupyter_nbextensions_configurator,https://github.com/Jupyter-contrib/jupyter_nbextensions_configurator,BSD-3-Clause,2016-06-24 22:29:05.000,2024-06-05 16:43:47.000000,2024-06-05 16:09:05,529.0,,121.0,18.0,73.0,71.0,36.0,984.0,2024-06-05 16:43:48.000,0.6.4,,399979.0,19.0,1055.0,1020.0,24.0,https://pypi.org/project/jupyter_nbextensions_configurator,2024-06-05 16:08:37.000,35.0,382399.0,https://anaconda.org/conda-forge/jupyter_nbextensions_configurator,2023-06-16 13:20:40.292,1828412.0,2.0,,,,,,,,,,,,,,,,,,,,,,,
84,ipyvizzu,Build animated charts in Jupyter Notebook and similar environments with a simple Python syntax.,https://github.com/vizzuhq/ipyvizzu,,widgets,25,True,ipyvizzu,vizzuhq/ipyvizzu,,https://github.com/vizzuhq/ipyvizzu,Apache-2.0,2022-01-05 22:37:39.000,2025-02-26 17:21:53.000000,2025-02-26 17:21:51,1234.0,21.0,86.0,17.0,210.0,13.0,77.0,961.0,2025-02-26 15:31:57.000,0.18.0,340.0,1896.0,25.0,174.0,168.0,21.0,https://pypi.org/project/ipyvizzu,2025-02-26 15:31:57.000,6.0,1888.0,,,,2.0,,,,,,,,,,,,,,,,,,,,,,,
85,Code Formatter,A JupyterLab plugin to facilitate invocation of code formatters.,https://github.com/jupyterlab-contrib/jupyterlab_code_formatter,,lab-extensions,25,True,jupyterlab_code_formatter,ryantam626/jupyterlab_code_formatter,conda-forge/jupyterlab_code_formatter,https://github.com/jupyterlab-contrib/jupyterlab_code_formatter,MIT,2018-08-12 20:50:17.000,2025-01-12 21:24:33.015000,2024-08-14 09:59:45,501.0,,57.0,7.0,159.0,34.0,173.0,869.0,2024-08-14 10:00:05.000,3.0.2,58.0,125072.0,62.0,59.0,2.0,45.0,https://pypi.org/project/jupyterlab_code_formatter,2024-08-14 09:59:54.000,52.0,109838.0,https://anaconda.org/conda-forge/jupyterlab_code_formatter,2025-01-12 21:24:33.015,786275.0,2.0,@ryantam626/jupyterlab_code_formatter,https://www.npmjs.com/package/@ryantam626/jupyterlab_code_formatter,2023-04-16 18:07:15.321,5.0,1187.0,,,,,,,jupyterlab-contrib/jupyterlab_code_formatter,,,,,,,,,,,
86,ipydatagrid,Fast Datagrid widget for the Jupyter Notebook and JupyterLab.,https://github.com/jupyter-widgets/ipydatagrid,,widgets,25,True,ipydatagrid,bloomberg/ipydatagrid,conda-forge/ipydatagrid,https://github.com/jupyter-widgets/ipydatagrid,BSD-3-Clause,2019-07-19 09:06:19.000,2024-12-29 15:42:47.282000,2024-12-16 13:14:51,883.0,23.0,53.0,18.0,396.0,74.0,92.0,599.0,2024-12-17 07:43:21.382,1.4.0,,49120.0,43.0,243.0,207.0,26.0,https://pypi.org/project/ipydatagrid,2024-12-17 07:41:04.000,31.0,44562.0,https://anaconda.org/conda-forge/ipydatagrid,2024-12-29 15:42:47.282,140667.0,2.0,ipydatagrid,https://www.npmjs.com/package/ipydatagrid,2024-12-17 07:43:21.382,5.0,1688.0,,,,,,,jupyter-widgets/ipydatagrid,,,,,,,,,,,
87,Metakernel,Jupyter/IPython Kernel Tools.,https://github.com/Calysto/metakernel,,kernels,25,True,metakernel,Calysto/metakernel,conda-forge/metakernel,https://github.com/Calysto/metakernel,BSD-3-Clause,2014-08-24 20:53:45.000,2024-12-15 20:17:04.302000,2024-04-04 10:35:59,1155.0,,86.0,17.0,138.0,35.0,117.0,352.0,2024-03-26 16:33:26.000,0.30.2,372.0,55746.0,100.0,1035.0,977.0,34.0,https://pypi.org/project/metakernel,2024-03-26 16:33:16.000,58.0,39060.0,https://anaconda.org/conda-forge/metakernel,2024-12-15 20:17:04.302,917254.0,2.0,,,,,,,,,,,,,,,,,,,,,,,
88,ipycytoscape,A Cytoscape Jupyter widget.,https://github.com/cytoscape/ipycytoscape,,widgets,25,False,ipycytoscape,cytoscape/ipycytoscape,conda-forge/ipycytoscape,https://github.com/cytoscape/ipycytoscape,BSD-3-Clause,2020-02-05 13:46:52.000,2025-01-06 18:23:21.000000,2023-05-23 19:06:45,716.0,,62.0,28.0,192.0,75.0,95.0,270.0,2022-04-04 22:26:36.000,1.3.3,9.0,23184.0,22.0,350.0,295.0,33.0,https://pypi.org/project/ipycytoscape,2022-04-04 22:26:36.000,50.0,14297.0,https://anaconda.org/conda-forge/ipycytoscape,2023-06-16 19:18:19.577,508941.0,2.0,jupyter-cytoscape,https://www.npmjs.com/package/jupyter-cytoscape,2022-04-04 22:06:25.396,5.0,405.0,,,,,,,,,,,,,,,,,,
89,ipydagred3,ipywidgets library for drawing directed acyclic graphs in jupyterlab using dagre-d3.,https://github.com/timkpaine/ipydagred3,,widgets,24,True,ipydagred3,timkpaine/ipydagred3,conda-forge/ipydagred3,https://github.com/timkpaine/ipydagred3,Apache-2.0,2020-02-29 23:01:15.000,2024-12-31 14:47:08.596000,2024-11-18 22:35:44,370.0,,947.0,5.0,116.0,5.0,19.0,3190.0,2024-10-22 07:54:56.054,3.1.11,,237321.0,127.0,126.0,3.0,4.0,https://pypi.org/project/ipydagred3,2023-10-31 14:30:02.000,6.0,146035.0,https://anaconda.org/conda-forge/ipydagred3,2024-12-31 14:47:08.596,44748.0,3.0,@jupyter-widgets/jupyterlab-manager,https://www.npmjs.com/package/@jupyter-widgets/jupyterlab-manager,2024-10-22 07:54:56.054,117.0,90515.0,,,,,,,,,,,,,,,,,,
90,nbviewer,nbconvert as a web service: Render Jupyter Notebooks as static web pages.,https://github.com/jupyter/nbviewer,,notebook-sharing,24,True,,jupyter/nbviewer,,https://github.com/jupyter/nbviewer,BSD-3-Clause,2012-08-05 11:42:33.000,2025-01-23 07:59:52.527206,2025-01-23 07:57:57,1496.0,2.0,543.0,94.0,469.0,183.0,410.0,2269.0,,,,18575.0,,27.0,27.0,97.0,,,,,,,,3.0,,,,,,jupyter/nbviewer,https://hub.docker.com/r/jupyter/nbviewer,2025-01-23 07:59:52.527206,34.0,2804914.0,,,,,,,,,,,,,
91,IJavascript,IJavascript is a javascript kernel for the Jupyter notebook.,https://github.com/n-riesco/ijavascript,,kernels,24,False,,n-riesco/ijavascript,,https://github.com/n-riesco/ijavascript,BSD-3-Clause,2015-02-02 15:46:34.000,2024-07-03 23:29:02.000000,2022-12-28 22:18:25,332.0,,185.0,42.0,45.0,56.0,194.0,2212.0,2021-11-15 23:43:33.000,5.2.1,,2518.0,33.0,101.0,90.0,17.0,,,,,,,,2.0,ijavascript,https://www.npmjs.com/package/ijavascript,2021-11-15 23:33:51.644,11.0,2518.0,,,,,,,,,,,,,,,,,,
92,Mapbox GL,Use Mapbox GL JS to visualize data in a Python Jupyter notebook.,https://github.com/mapbox/mapboxgl-jupyter,,widgets,24,True,mapboxgl,mapbox/mapboxgl-jupyter,,https://github.com/mapbox/mapboxgl-jupyter,MIT,2017-08-08 15:10:51.000,2025-02-06 21:36:12.000000,2025-02-06 21:36:09,223.0,2.0,137.0,139.0,92.0,42.0,67.0,673.0,2019-06-03 21:24:10.000,0.10.2,,9145.0,20.0,249.0,237.0,23.0,https://pypi.org/project/mapboxgl,2019-06-02 16:02:54.380,12.0,9145.0,,,,3.0,,,,,,,,,,,,,,,,,,,,,,,
93,Kernel Gateway,Jupyter Kernel Gateway.,https://github.com/jupyter-server/kernel_gateway,,kernels,24,False,jupyter-kernel-gateway,jupyter/kernel_gateway,conda-forge/jupyter_kernel_gateway,https://github.com/jupyter-server/kernel_gateway,,2015-09-21 15:34:11.000,2024-12-29 00:33:43.797000,2024-03-12 17:51:18,623.0,,131.0,39.0,217.0,19.0,169.0,514.0,2024-03-12 17:51:38.000,3.0.1,320.0,248264.0,32.0,509.0,490.0,47.0,https://pypi.org/project/jupyter-kernel-gateway,2024-03-12 17:51:31.000,19.0,244108.0,https://anaconda.org/conda-forge/jupyter_kernel_gateway,2024-12-29 00:33:43.797,236717.0,2.0,,,,,,,,,,,,jupyter-server/kernel_gateway,,,,,,,,,,,
94,ipytest,Pytest in IPython notebooks.,https://github.com/chmp/ipytest,,notebook-tools,24,True,ipytest,chmp/ipytest,,https://github.com/chmp/ipytest,MIT,2016-02-07 20:24:41.000,2025-02-16 18:17:12.000000,2025-02-16 18:15:55,403.0,14.0,18.0,5.0,59.0,3.0,65.0,324.0,2024-04-21 15:57:55.000,0.14.2,,60742.0,44.0,599.0,574.0,6.0,https://pypi.org/project/ipytest,2025-02-16 18:17:12.000,25.0,60742.0,,,,3.0,,,,,,,,,,,,,,,,,,,,,,,
95,Rsession Proxy,Jupyter extensions for running an RStudio rsession proxy.,https://github.com/jupyterhub/jupyter-rsession-proxy,,jupyter-extensions,24,True,jupyter-rsession-proxy,jupyterhub/jupyter-rsession-proxy,conda-forge/jupyter-rsession-proxy,https://github.com/jupyterhub/jupyter-rsession-proxy,BSD-3-Clause,2016-12-09 06:26:18.000,2025-01-21 17:45:21.000000,2025-01-21 17:45:21,273.0,21.0,87.0,13.0,78.0,41.0,50.0,122.0,2025-01-14 13:53:05.000,2.3.0,,10312.0,16.0,65.0,63.0,28.0,https://pypi.org/project/jupyter-rsession-proxy,2025-01-14 13:52:58.000,2.0,9570.0,https://anaconda.org/conda-forge/jupyter-rsession-proxy,2025-01-15 19:18:45.758,33421.0,2.0,,,,,,,,,,,,,,,,,,,,,,,
96,jupyter-packaging,Tools to help build and install Jupyter Python packages.,https://github.com/jupyter/jupyter-packaging,,components,24,True,jupyter-packaging,jupyter/jupyter-packaging,conda-forge/jupyter-packaging,https://github.com/jupyter/jupyter-packaging,BSD-3-Clause,2017-03-04 19:38:49.000,2025-03-03 20:58:22.000000,2024-04-05 12:54:09,439.0,,47.0,12.0,144.0,16.0,30.0,63.0,2022-08-25 15:33:01.697,0.12.3,116.0,687363.0,39.0,132.0,,30.0,https://pypi.org/project/jupyter-packaging,2022-08-25 15:33:01.697,132.0,677158.0,https://anaconda.org/conda-forge/jupyter-packaging,2024-12-04 00:47:05.323,591792.0,3.0,,,,,,,,,,,,,,,,,,,,,,,
97,lux,Automatically visualize your pandas dataframe via a single print!.,https://github.com/lux-org/lux,,widgets,23,False,lux-api,lux-org/lux,conda-forge/lux-api,https://github.com/lux-org/lux,Apache-2.0,2020-01-08 04:53:29.000,2024-03-20 15:48:47.000000,2023-07-04 23:34:35,692.0,,363.0,89.0,263.0,81.0,161.0,5256.0,2022-02-19 00:48:20.000,0.5.1,,3262.0,18.0,4.0,,21.0,https://pypi.org/project/lux-api,2022-02-19 00:46:49.000,2.0,2560.0,https://anaconda.org/conda-forge/lux-api,2023-06-16 19:24:44.344,27524.0,3.0,luxwidget,https://www.npmjs.com/package/luxwidget,2022-02-17 19:41:18.102,2.0,141.0,,,,,,,,,,,,,,,,,,
98,fastpages,"An easy to use blogging platform, with enhanced support for Jupyter Notebooks.",https://github.com/fastai/fastpages,,notebook-tools,23,False,,fastai/fastpages,,https://github.com/fastai/fastpages,Apache-2.0,2020-02-03 05:19:46.000,2022-11-13 18:05:19.000000,2022-11-13 18:05:19,1208.0,,796.0,43.0,326.0,,328.0,3535.0,2020-09-05 21:53:23.000,2.1.6,,,9.0,145.0,145.0,55.0,,,,,,,,3.0,,,,,,,,,,,,,,,,,,,,,,,
99,IHaskell,A Haskell kernel for the Jupyter project.,https://github.com/IHaskell/IHaskell,,kernels,23,True,,gibiansky/IHaskell,,https://github.com/IHaskell/IHaskell,MIT,2013-08-26 07:16:09.000,2025-03-02 08:21:57.000000,2025-03-02 08:21:55,2361.0,17.0,257.0,51.0,769.0,43.0,745.0,2618.0,2018-08-01 13:19:52.714,0.0.6,,5.0,6.0,3.0,,116.0,,,,,,,,2.0,ihaskell_jupyterlab,https://www.npmjs.com/package/ihaskell_jupyterlab,2018-08-01 13:19:52.714,3.0,5.0,,,,,,,IHaskell/IHaskell,,,,,,,,,,,
100,IRkernel,R kernel for Jupyter.,https://github.com/IRkernel/IRkernel,,kernels,23,True,,IRkernel/IRkernel,r/r-irkernel,https://github.com/IRkernel/IRkernel,MIT,2014-02-26 02:57:07.000,2024-04-30 07:24:08.000000,2024-04-29 16:04:27,600.0,,294.0,62.0,147.0,70.0,525.0,1734.0,2023-01-20 20:54:32.000,1.3.2,,19566.0,19.0,,,44.0,,,,,https://anaconda.org/r/r-irkernel,2024-01-16 22:07:49.699,170674.0,2.0,,,,,,jupyter/r-notebook,https://hub.docker.com/r/jupyter/r-notebook,2023-10-20 20:02:50.541542,60.0,2411604.0,,,,,IRkernel,,,,,,,,
101,DataLab,Interactive tools and developer experiences for Big Data on Google Cloud Platform.,https://github.com/googledatalab/datalab,,notebook-environments,23,False,datalab,googledatalab/datalab,,https://github.com/googledatalab/datalab,Apache-2.0,2014-08-06 18:37:34.000,2022-09-02 21:15:20.926000,2022-09-02 20:50:03,2055.0,,250.0,79.0,1293.0,232.0,667.0,978.0,2022-09-02 21:15:20.926,1.2.1,,28587.0,19.0,,,55.0,https://pypi.org/project/datalab,2022-09-02 21:15:20.926,,28587.0,,,,3.0,,,,,,,,,,,,,,,,,,,,,,,
102,watermark,"An IPython magic extension for printing date and time stamps, version numbers, and hardware information.",https://github.com/rasbt/watermark,,magic,23,True,watermark,rasbt/watermark,conda-forge/watermark,https://github.com/rasbt/watermark,BSD-3-Clause,2014-07-30 03:46:33.000,2024-09-22 20:08:50.000000,2024-09-22 20:08:50,145.0,,92.0,14.0,53.0,14.0,34.0,916.0,2024-09-21 00:40:12.000,2.5.0,,43948.0,28.0,2704.0,2622.0,21.0,https://pypi.org/project/watermark,2024-09-21 00:40:12.000,82.0,37601.0,https://anaconda.org/conda-forge/watermark,2024-09-21 05:01:18.014,330052.0,2.0,,,,,,,,,,,,,,,,,,,,,,,
103,IRuby,Official gem repository: Ruby kernel for Jupyter/IPython Notebook.,https://github.com/SciRuby/iruby,,kernels,23,True,,SciRuby/iruby,,https://github.com/SciRuby/iruby,MIT,2015-03-03 18:05:50.000,2025-02-28 01:46:09.000000,2025-02-28 01:46:09,746.0,8.0,34.0,33.0,163.0,48.0,158.0,915.0,2025-02-16 07:54:33.000,0.8.1,22.0,20.0,12.0,257.0,257.0,54.0,,,,,,,,2.0,,,,,,rubydata/datascience-notebook,https://hub.docker.com/r/rubydata/datascience-notebook,2023-02-03 04:21:45.711711,5.0,2502.0,,,,,,iruby,,,,,,,
104,pivottablejs,"Dragndrop Pivot Tables and Charts for Jupyter/IPython Notebook, care of PivotTable.js.",https://github.com/nicolaskruchten/jupyter_pivottablejs,,widgets,23,False,pivottablejs,nicolaskruchten/jupyter_pivottablejs,anaconda/pivottablejs,https://github.com/nicolaskruchten/jupyter_pivottablejs,MIT,2015-09-09 13:39:18.000,2025-01-03 21:29:16.566000,2018-12-04 14:43:25,32.0,,88.0,21.0,9.0,25.0,41.0,696.0,2018-01-15 18:14:37.000,0.9.0,,18243.0,10.0,512.0,502.0,3.0,https://pypi.org/project/pivottablejs,2018-01-15 18:14:37.000,10.0,18213.0,https://anaconda.org/anaconda/pivottablejs,2025-01-03 21:29:16.566,3356.0,3.0,,,,,,,,,,,,,,,,,,,,,,,
105,JupyterLab Drawio,A standalone embedding of the FOSS drawio / mxgraph package into jupyterlab.,https://github.com/QuantStack/jupyterlab-drawio,,lab-renderer,23,False,jupyterlab-drawio,QuantStack/jupyterlab-drawio,conda-forge/jupyterlab-drawio,https://github.com/QuantStack/jupyterlab-drawio,BSD-3-Clause,2018-01-31 16:38:30.000,2025-02-03 13:20:57.079000,2021-06-29 12:29:51,101.0,,75.0,28.0,53.0,55.0,26.0,610.0,2021-04-29 10:22:28.814,0.9.0,,3323.0,11.0,1392.0,1387.0,16.0,https://pypi.org/project/jupyterlab-drawio,2021-04-29 10:19:55.000,,1659.0,https://anaconda.org/conda-forge/jupyterlab-drawio,2025-02-03 13:20:57.079,25668.0,1.0,jupyterlab-drawio,https://www.npmjs.com/package/jupyterlab-drawio,2021-04-29 10:22:28.814,5.0,1106.0,,,,,,,,,,,,,,,,,,
106,Octave Kernel,An Octave kernel for IPython.,https://github.com/Calysto/octave_kernel,,kernels,23,True,octave_kernel,calysto/octave_kernel,conda-forge/octave_kernel,https://github.com/Calysto/octave_kernel,BSD-3-Clause,2014-07-31 01:59:06.000,2024-12-28 01:44:54.445000,2024-04-15 11:20:53,427.0,,68.0,22.0,57.0,35.0,150.0,455.0,2024-04-15 11:21:13.000,0.36.0,324.0,28977.0,115.0,104.0,97.0,20.0,https://pypi.org/project/octave_kernel,2024-04-15 11:21:06.000,7.0,18384.0,https://anaconda.org/conda-forge/octave_kernel,2024-12-28 01:44:54.445,614256.0,2.0,,,,,,,,,,,,,,,,,,,,,,,
107,JupyterLab Templates,Support for jupyter notebook templates in jupyterlab.,https://github.com/finos/jupyterlab_templates,,lab-extensions,23,True,jupyterlab_templates,jpmorganchase/jupyterlab_templates,conda-forge/jupyterlab_templates,https://github.com/finos/jupyterlab_templates,Apache-2.0,2018-03-17 21:38:11.000,2025-02-20 13:26:41.000000,2025-02-20 13:26:38,517.0,12.0,69.0,15.0,185.0,11.0,85.0,405.0,2024-03-27 00:32:26.000,0.5.2,,22101.0,28.0,25.0,8.0,21.0,https://pypi.org/project/jupyterlab_templates,2024-03-27 00:32:26.000,12.0,20045.0,https://anaconda.org/conda-forge/jupyterlab_templates,2025-01-06 00:31:31.804,35104.0,2.0,jupyterlab_templates,https://www.npmjs.com/package/jupyterlab_templates,2024-02-12 21:51:37.725,5.0,1441.0,,,,,,,finos/jupyterlab_templates,,,,,,,,,,,
108,ipywebrtc,WebRTC for Jupyter notebook/lab.,https://github.com/maartenbreddels/ipywebrtc,,widgets,23,False,ipywebrtc,maartenbreddels/ipywebrtc,conda-forge/ipywebrtc,https://github.com/maartenbreddels/ipywebrtc,MIT,2017-08-10 18:07:51.000,2024-02-20 10:19:50.000000,2024-02-06 14:17:16,218.0,,42.0,11.0,79.0,42.0,28.0,247.0,2021-03-29 11:27:31.000,0.6.0,,54554.0,13.0,1279.0,1261.0,10.0,https://pypi.org/project/ipywebrtc,2021-03-29 11:27:31.000,12.0,49968.0,https://anaconda.org/conda-forge/ipywebrtc,2023-06-16 13:24:24.196,401037.0,3.0,jupyter-webrtc,https://www.npmjs.com/package/jupyter-webrtc,2021-03-29 11:25:34.632,6.0,179.0,,,,,,,,,,,,,,,,,,
109,ipysigma,A Jupyter widget using sigma.js to render interactive networks.,https://github.com/medialab/ipysigma,,widgets,23,True,ipysigma,Yomguithereal/ipysigma,,https://github.com/medialab/ipysigma,MIT,2018-06-25 20:03:21.000,2025-02-02 14:59:02.000000,2025-02-02 14:55:41,367.0,5.0,19.0,8.0,18.0,65.0,159.0,241.0,2025-02-02 14:57:40.000,0.24.5,,23769.0,33.0,67.0,60.0,6.0,https://pypi.org/project/ipysigma,2025-02-02 14:57:10.000,2.0,23472.0,,,,3.0,ipysigma,https://www.npmjs.com/package/ipysigma,2025-02-02 14:56:22.723,5.0,297.0,,,,,,,medialab/ipysigma,,,,,,,,,,,
110,jupyter-fs,A filesystem-like contents manager for multiple backends in Jupyter.,https://github.com/jpmorganchase/jupyter-fs,,lab-extensions,23,True,jupyter-fs,jpmorganchase/jupyter-fs,conda-forge/jupyter-fs,https://github.com/jpmorganchase/jupyter-fs,Apache-2.0,2019-09-24 17:44:10.000,2025-03-01 05:12:42.000000,2025-03-01 05:12:41,658.0,51.0,36.0,16.0,161.0,19.0,79.0,213.0,2025-02-11 20:46:19.000,1.0.1,,2300.0,12.0,18.0,15.0,18.0,https://pypi.org/project/jupyter-fs,2025-02-11 20:46:19.000,3.0,1998.0,https://anaconda.org/conda-forge/jupyter-fs,2025-02-12 04:47:16.280,16317.0,2.0,,,,,,,,,,,,,,,,,,,,,,,
111,ipylab,Control JupyterLab from Python Notebooks with Jupyter Widgets.,https://github.com/jtpio/ipylab,,lab-extensions,23,True,ipylab,jtpio/ipylab,conda-forge/ipylab,https://github.com/jtpio/ipylab,BSD-3-Clause,2019-11-15 19:52:12.000,2025-02-20 14:18:43.000000,2024-11-19 08:53:36,232.0,,14.0,9.0,102.0,29.0,22.0,206.0,2023-08-11 05:48:03.000,1.0.0,242.0,129168.0,16.0,400.0,355.0,7.0,https://pypi.org/project/ipylab,2023-08-11 05:47:52.000,40.0,127062.0,https://anaconda.org/conda-forge/ipylab,2024-12-21 13:54:19.066,47731.0,2.0,ipylab,https://www.npmjs.com/package/ipylab,2023-08-11 05:47:59.304,5.0,1149.0,,,,,,,,,,,,,,,,,,
112,Hydrogen,"Run code interactively, inspect data, and plot. All the power of Jupyter kernels, inside your favorite text editor.",https://github.com/nteract/hydrogen,,notebook-environments,22,False,,nteract/hydrogen,,https://github.com/nteract/hydrogen,MIT,2015-05-11 01:16:55.000,2025-03-04 19:26:42.000000,2023-01-10 01:11:13,2371.0,,352.0,80.0,881.0,170.0,1103.0,3938.0,2023-01-10 01:02:49.000,2.16.5,,,92.0,,,90.0,,,,,,,,3.0,,,,,,,,,,,,,,,,,,,,,,,
113,gophernotes,The Go kernel for Jupyter notebooks and nteract.,https://github.com/gopherdata/gophernotes,,kernels,22,False,,gopherdata/gophernotes,,https://github.com/gopherdata/gophernotes,MIT,2016-01-22 19:22:16.000,2023-11-03 18:02:49.000000,2023-11-03 18:01:39,402.0,,260.0,81.0,78.0,52.0,133.0,3901.0,2022-05-31 17:34:28.000,0.7.5,48.0,802.0,22.0,21.0,20.0,29.0,,,,,,,,2.0,,,,,,gopherdata/gophernotes,https://hub.docker.com/r/gopherdata/gophernotes,2018-12-22 19:00:35.934804,7.0,88307.0,,,,,,,github.com/gopherdata/gophernotes,https://pkg.go.dev/github.com/gopherdata/gophernotes,2022-05-31 17:31:46,1.0,,,
114,IJulia.jl,Julia kernel for Jupyter.,https://github.com/JuliaLang/IJulia.jl,,kernels,22,True,,JuliaLang/IJulia.jl,,https://github.com/JuliaLang/IJulia.jl,MIT,2013-03-05 18:20:21.000,2025-02-28 11:42:39.000000,2025-02-28 09:24:24,766.0,27.0,418.0,117.0,296.0,121.0,740.0,2819.0,2024-11-05 20:29:30.000,1.26.0,,,47.0,,,115.0,,,,,,,,2.0,,,,,,,,,,,,,,,,,,,,,,,
115,pyforest,pyforest - feel the bliss of automated imports.,https://github.com/8080labs/pyforest,,jupyter-extensions,22,True,pyforest,8080labs/pyforest,,https://github.com/8080labs/pyforest,MIT,2019-08-12 07:35:46.000,2024-07-16 16:30:54.000000,2024-06-14 16:00:40,204.0,,196.0,38.0,34.0,11.0,23.0,1110.0,2024-06-14 16:00:53.000,1.1.2,,2516.0,12.0,15.0,,15.0,https://pypi.org/project/pyforest,2024-06-14 16:00:53.000,15.0,2516.0,,,,2.0,,,,,,,,,,,,,,,,,,,,,,,
116,JupyterLab Dash,An Extension for the Interactive development of Dash apps in JupyterLab.,https://github.com/plotly/jupyterlab-dash,,lab-renderer,22,False,jupyterlab-dash,plotly/jupyterlab-dash,,https://github.com/plotly/jupyterlab-dash,MIT,2018-11-07 19:47:52.000,2021-01-22 17:06:54.671000,2020-05-19 11:44:34,41.0,,233.0,50.0,12.0,22.0,8.0,961.0,2021-01-22 17:06:54.671,0.4.0,,3671.0,10.0,865.0,860.0,7.0,https://pypi.org/project/jupyterlab-dash,2019-07-13 16:38:26.000,,1967.0,,,,2.0,jupyterlab-dash,https://www.npmjs.com/package/jupyterlab-dash,2021-01-22 17:06:54.671,5.0,1704.0,,,,,,,,,,,,,,,,,,
117,What-If Tool,Source code/webpage/demos for the What-If Tool.,https://github.com/PAIR-code/what-if-tool,,widgets,22,False,witwidget,PAIR-code/what-if-tool,conda-forge/tensorboard-plugin-wit,https://github.com/PAIR-code/what-if-tool,Apache-2.0,2018-09-07 20:26:10.000,2024-09-11 20:07:00.000000,2024-02-01 21:38:56,330.0,,173.0,31.0,113.0,91.0,56.0,938.0,2021-10-12 17:42:50.869,1.8.1,,51010.0,40.0,11.0,2.0,20.0,https://pypi.org/project/witwidget,2021-10-12 17:42:30.000,6.0,9238.0,https://anaconda.org/conda-forge/tensorboard-plugin-wit,2023-06-16 19:20:28.498,2367004.0,3.0,wit-widget,https://www.npmjs.com/package/wit-widget,2021-10-12 17:42:50.869,3.0,246.0,,,,,,,,,,,,,,,,,,
118,notedown,Markdown = IPython Notebook.,https://github.com/aaren/notedown,,notebook-sharing,22,False,notedown,aaren/notedown,conda-forge/notedown,https://github.com/aaren/notedown,BSD-2-Clause,2014-02-17 17:28:59.000,2023-06-16 16:08:46.317000,2017-11-16 19:29:56,264.0,,115.0,22.0,29.0,46.0,29.0,855.0,2017-11-16 17:59:43.000,1.5.1,,4555.0,26.0,302.0,289.0,7.0,https://pypi.org/project/notedown,2017-11-16 17:59:43.000,13.0,4106.0,https://anaconda.org/conda-forge/notedown,2023-06-16 16:08:46.317,36375.0,3.0,,,,,,,,,,,,,,,,,,,,,,,
119,gmaps,Google maps for Jupyter notebooks.,https://github.com/pbugnion/gmaps,,widgets,22,False,gmaps,pbugnion/gmaps,conda-forge/gmaps,https://github.com/pbugnion/gmaps,BSD-3-Clause,2014-12-01 09:12:06.000,2023-06-16 13:23:14.332000,2019-07-22 06:22:45,1380.0,,147.0,25.0,154.0,79.0,137.0,760.0,2019-07-21 08:49:48.715,0.9.0,,9133.0,96.0,18.0,,16.0,https://pypi.org/project/gmaps,2021-12-15 15:42:57.506,13.0,4827.0,https://anaconda.org/conda-forge/gmaps,2023-06-16 13:23:14.332,362025.0,3.0,jupyter-gmaps,https://www.npmjs.com/package/jupyter-gmaps,2019-07-21 08:49:48.715,5.0,455.0,,,,,,,,,,,,,,,,,,
120,GPU Dashboards,A JupyterLab extension for displaying dashboards of GPU usage.,https://github.com/rapidsai/jupyterlab-nvdashboard,,lab-extensions,22,True,jupyterlab-nvdashboard,rapidsai/jupyterlab-nvdashboard,conda-forge/jupyterlab-nvdashboard,https://github.com/rapidsai/jupyterlab-nvdashboard,BSD-3-Clause,2019-08-12 15:22:10.000,2025-03-04 22:22:14.000000,2025-03-03 14:25:07,266.0,9.0,77.0,18.0,134.0,36.0,53.0,626.0,2025-03-03 18:36:11.000,0.13.0,,7080.0,127.0,11.0,3.0,24.0,https://pypi.org/project/jupyterlab-nvdashboard,2025-03-03 18:36:11.000,3.0,6101.0,https://anaconda.org/conda-forge/jupyterlab-nvdashboard,2024-11-29 09:17:14.562,52508.0,2.0,jupyterlab-nvdashboard,https://www.npmjs.com/package/jupyterlab-nvdashboard,2021-04-27 07:19:46.929,5.0,58.0,,,,,,,,,,,,,,,,,,
121,JupyterLab Renderers,Renderers and renderer extensions for JupyterLab.,https://github.com/jupyterlab/jupyter-renderers,,lab-renderer,22,True,jupyterlab-katex,jupyterlab/jupyter-renderers,conda-forge/jupyterlab-vega3,https://github.com/jupyterlab/jupyter-renderers,BSD-3-Clause,2017-06-08 16:59:07.000,2025-02-20 07:10:37.000000,2025-02-20 07:10:35,636.0,2.0,78.0,28.0,217.0,42.0,74.0,497.0,2023-08-01 12:55:42.001,3.4.0,,2423.0,33.0,51.0,39.0,32.0,https://pypi.org/project/jupyterlab-katex,2023-05-23 12:27:01.602,2.0,763.0,https://anaconda.org/conda-forge/jupyterlab-vega3,2025-01-08 14:23:10.289,5881.0,2.0,@jupyterlab/geojson-extension,https://www.npmjs.com/package/@jupyterlab/geojson-extension,2023-08-01 12:55:42.001,10.0,1538.0,,,,,,,,,,,,,,,,,,
122,ThebeLab,Turn static HTML pages into live documents with Jupyter kernels.,https://github.com/jupyter-book/thebe,,notebook-sharing,22,True,,executablebooks/thebe,,https://github.com/jupyter-book/thebe,BSD-3-Clause,2017-03-14 12:17:22.000,2025-01-28 12:14:08.000000,2025-01-22 17:03:04,866.0,3.0,66.0,20.0,542.0,108.0,138.0,409.0,2025-01-28 12:14:04.967,0.9.3,,6330.0,23.0,17.0,14.0,32.0,,,,,,,,3.0,thebe,https://www.npmjs.com/package/thebe,2025-01-28 12:14:04.967,3.0,6330.0,,,,,,,jupyter-book/thebe,,,,,,,,,,,
123,scrapbook,A library for recording and reading data in notebooks.,https://github.com/nteract/scrapbook,,notebook-sharing,22,False,nteract-scrapbook,nteract/scrapbook,conda-forge/nteract-scrapbook,https://github.com/nteract/scrapbook,BSD-3-Clause,2018-10-22 04:17:04.000,2023-06-16 19:17:54.716000,2022-04-13 16:57:42,184.0,,26.0,18.0,41.0,25.0,26.0,286.0,2021-01-06 19:12:18.000,0.4.2,,8171.0,7.0,436.0,423.0,11.0,https://pypi.org/project/nteract-scrapbook,2021-01-06 19:12:18.000,13.0,7859.0,https://anaconda.org/conda-forge/nteract-scrapbook,2023-06-16 19:17:54.716,19091.0,3.0,,,,,,,,,,,,,,,,,,,,,,,
124,Jupyter Bokeh,An extension for rendering Bokeh content in JupyterLab notebooks.,https://github.com/bokeh/jupyter_bokeh,,lab-extensions,22,True,jupyter-bokeh,bokeh/jupyter_bokeh,conda-forge/jupyter_bokeh,https://github.com/bokeh/jupyter_bokeh,BSD-3-Clause,2017-08-14 23:01:29.000,2024-12-19 22:52:42.741000,2024-06-03 06:22:24,147.0,,49.0,24.0,100.0,24.0,87.0,256.0,2024-06-03 06:33:21.775,4.0.5,,78119.0,25.0,67.0,5.0,20.0,https://pypi.org/project/jupyter-bokeh,2023-03-14 10:10:06.309,57.0,71923.0,https://anaconda.org/conda-forge/jupyter_bokeh,2024-12-19 22:52:42.741,142492.0,2.0,@bokeh/jupyter_bokeh,https://www.npmjs.com/package/@bokeh/jupyter_bokeh,2024-06-03 06:33:21.775,5.0,3697.0,,,,,,,,,,,,,,,,,,
125,BatchSpawner,Custom Spawner for Jupyterhub to start servers in batch scheduled systems.,https://github.com/jupyterhub/batchspawner,,hub-spawners,22,True,batchspawner,jupyterhub/batchspawner,,https://github.com/jupyterhub/batchspawner,BSD-3-Clause,2015-10-27 03:53:10.000,2025-03-03 20:41:45.000000,2024-05-07 05:39:12,452.0,,129.0,15.0,168.0,61.0,92.0,193.0,2024-03-19 06:32:49.000,1.3.0,,7989.0,11.0,60.0,51.0,49.0,https://pypi.org/project/batchspawner,2024-03-19 06:32:49.000,9.0,7989.0,,,,2.0,,,,,,,,,,,,,,,,,,,,,,,
126,datapane,Build and share data reports in 100% Python.,https://github.com/datapane/datapane,,others,21,False,datapane,datapane/datapane,conda-forge/datapane,https://github.com/datapane/datapane,Apache-2.0,2020-04-23 20:56:54.000,2023-10-16 21:21:29.000000,2023-09-07 13:44:00,362.0,,109.0,17.0,119.0,1.0,112.0,1390.0,2023-09-07 13:59:32.000,0.17.0,,18816.0,90.0,14.0,,16.0,https://pypi.org/project/datapane,2023-09-07 13:59:32.000,14.0,16707.0,https://anaconda.org/conda-forge/datapane,2023-09-07 16:46:44.103,118144.0,3.0,,,,,,,,,,,,,,,,,,,,,,,
127,clojupyter,a Jupyter kernel for Clojure.,https://github.com/clojupyter/clojupyter,,kernels,21,True,,clojupyter/clojupyter,simplect/clojupyter,https://github.com/clojupyter/clojupyter,MIT,2014-05-09 07:09:06.000,2025-03-04 09:32:17.000000,2025-03-04 09:32:17,446.0,111.0,90.0,35.0,83.0,16.0,109.0,839.0,2024-12-28 21:11:43.000,0.4.332,99.0,92.0,8.0,,,31.0,,,,,https://anaconda.org/simplect/clojupyter,2023-07-20 06:35:35.164,3861.0,2.0,,,,,,simplect/clojupyter,https://hub.docker.com/r/simplect/clojupyter,2019-04-25 08:25:07.304303,,429.0,,,,,,,,,,,,,
128,pick,Customize your kernels on Launch!.,https://github.com/nteract/pick,,magic,21,False,pick,nteract/pick,,https://github.com/nteract/pick,BSD-3-Clause,2020-04-08 23:47:09.000,2024-09-15 14:04:28.000000,2020-11-04 01:10:24,87.0,,62.0,6.0,26.0,4.0,5.0,724.0,2024-09-15 14:04:28.000,2.4.0,,170809.0,34.0,199.0,,5.0,https://pypi.org/project/pick,2024-09-15 14:04:28.000,199.0,170809.0,,,,2.0,,,,,,,,,,,,,,,,,,,,,,,
129,ipycanvas,Interactive Canvas in Jupyter.,https://github.com/martinRenou/ipycanvas,,widgets,21,False,ipycanvas,martinRenou/ipycanvas,conda-forge/ipycanvas,https://github.com/martinRenou/ipycanvas,BSD-3-Clause,2020-06-08 07:00:44.341,2024-12-19 07:16:02.252000,2023-07-20 09:03:10,473.0,,64.0,1.0,,,,693.0,2024-09-06 08:59:02.831,0.13.3,,81427.0,36.0,74.0,,21.0,https://pypi.org/project/ipycanvas,2024-09-06 08:58:56.000,67.0,76527.0,https://anaconda.org/conda-forge/ipycanvas,2024-12-19 07:16:02.252,239624.0,3.0,ipycanvas,https://www.npmjs.com/package/ipycanvas,2024-09-06 08:59:02.831,7.0,697.0,,,,,,,,-2.0,,,,,,,,,,
130,JupyterLab Latex,JupyterLab extension for live editing of LaTeX documents.,https://github.com/jupyterlab/jupyterlab-latex,,lab-renderer,21,True,jupyterlab_latex,jupyterlab/jupyterlab-latex,conda-forge/jupyterlab-latex,https://github.com/jupyterlab/jupyterlab-latex,BSD-3-Clause,2017-10-24 02:12:37.000,2025-01-02 07:16:14.683000,2024-09-27 02:06:54,466.0,,70.0,14.0,149.0,29.0,68.0,642.0,2024-09-27 02:07:14.000,4.3.0,174.0,3418.0,21.0,14.0,8.0,26.0,https://pypi.org/project/jupyterlab_latex,2024-09-27 02:07:07.000,1.0,2477.0,https://anaconda.org/conda-forge/jupyterlab-latex,2025-01-02 07:16:14.683,22708.0,3.0,@jupyterlab/latex,https://www.npmjs.com/package/@jupyterlab/latex,2024-09-27 02:07:05.734,5.0,421.0,,,,,,,,,,,,,,,,,,
131,Enterprise Gateway,"A lightweight, multi-tenant, scalable and secure gateway that enables Jupyter Notebooks to share resources across..",https://github.com/jupyter-server/enterprise_gateway,,kernels,21,False,jupyter_enterprise_gateway,jupyter/enterprise_gateway,conda-forge/jupyter_enterprise_gateway,https://github.com/jupyter-server/enterprise_gateway,,2017-04-21 16:05:14.000,2025-01-18 06:00:18.295000,2024-07-13 15:01:05,1369.0,,222.0,40.0,783.0,75.0,501.0,633.0,2024-02-20 05:17:30.000,3.2.3,43433.0,7457.0,41.0,1.0,,117.0,https://pypi.org/project/jupyter_enterprise_gateway,2024-02-20 05:03:07.000,1.0,3890.0,https://anaconda.org/conda-forge/jupyter_enterprise_gateway,2025-01-18 06:00:18.295,166303.0,2.0,,,,,,,,,,,,jupyter-server/enterprise_gateway,,,,,,,,,,,
132,ipysheet,Jupyter handsontable integration.,https://github.com/jupyter-widgets-contrib/ipysheet,,widgets,21,False,ipysheet,QuantStack/ipysheet,conda-forge/ipysheet,https://github.com/jupyter-widgets-contrib/ipysheet,MIT,2017-07-10 13:46:31.000,2024-01-04 06:37:51.000000,2024-01-04 06:37:51,311.0,,67.0,20.0,125.0,65.0,60.0,548.0,2022-11-28 09:27:38.314,0.7.0,,22608.0,24.0,50.0,7.0,14.0,https://pypi.org/project/ipysheet,2022-11-28 09:25:01.163,38.0,20148.0,https://anaconda.org/conda-forge/ipysheet,2023-06-16 16:13:19.853,147471.0,3.0,ipysheet,https://www.npmjs.com/package/ipysheet,2022-11-28 09:27:38.314,5.0,468.0,,,,,,,jupyter-widgets-contrib/ipysheet,,,,,,,,,,,
133,Appmode,A Jupyter extensions that turns notebooks into web applications.,https://github.com/oschuett/appmode,,jupyter-extensions,21,True,appmode,oschuett/appmode,conda-forge/appmode,https://github.com/oschuett/appmode,MIT,2017-03-17 13:33:53.000,2024-05-12 17:38:04.000000,2024-05-12 17:38:04,108.0,,70.0,23.0,20.0,3.0,56.0,465.0,2024-05-12 14:31:13.000,1.0.0,,6588.0,18.0,401.0,393.0,10.0,https://pypi.org/project/appmode,2024-05-12 14:31:13.000,8.0,1344.0,https://anaconda.org/conda-forge/appmode,2024-05-12 17:24:44.533,293709.0,2.0,,,,,,,,,,,,,,,,,,,,,,,
134,nbtutor,Visualize Python code execution (line-by-line) in Jupyter Notebook cells.,https://github.com/lgpage/nbtutor,,widgets,21,False,nbtutor,lgpage/nbtutor,conda-forge/nbtutor,https://github.com/lgpage/nbtutor,BSD-3-Clause,2016-11-07 14:08:25.000,2025-02-24 18:58:08.000000,2023-04-14 07:14:04,272.0,,39.0,18.0,113.0,19.0,24.0,462.0,2022-04-19 10:58:08.000,2.0.3,,2331.0,8.0,43.0,41.0,4.0,https://pypi.org/project/nbtutor,2022-04-19 10:58:08.000,2.0,362.0,https://anaconda.org/conda-forge/nbtutor,2023-06-16 13:17:46.107,194931.0,3.0,,,,,,,,,,,,,,,,,,,,,,,
135,tributary,Streaming reactive and dataflow graphs in Python.,https://github.com/streamlet-dev/tributary,,widgets,21,False,tributary,timkpaine/tributary,conda-forge/tributary,https://github.com/streamlet-dev/tributary,Apache-2.0,2018-09-08 02:58:57.000,2025-01-08 01:05:32.461000,2024-02-10 17:20:45,703.0,,37.0,13.0,106.0,10.0,73.0,449.0,2023-05-10 10:40:01.245,0.2.1,,1511.0,18.0,69.0,69.0,7.0,https://pypi.org/project/tributary,2023-05-10 10:40:01.245,,403.0,https://anaconda.org/conda-forge/tributary,2025-01-08 01:05:32.461,63190.0,3.0,,,,,,,,,,,,streamlet-dev/tributary,,,,,,,,,,,
136,xeus-python,Jupyter kernel for the Python programming language.,https://github.com/jupyter-xeus/xeus-python,,kernels,21,True,xeus-python,jupyter-xeus/xeus-python,conda-forge/xeus-python,https://github.com/jupyter-xeus/xeus-python,BSD-3-Clause,2018-10-12 13:18:30.000,2025-03-05 10:50:11.098000,2025-01-13 09:35:18,956.0,6.0,77.0,18.0,449.0,67.0,131.0,444.0,2023-11-29 16:23:49.000,0.15.11,,45095.0,92.0,3.0,,25.0,https://pypi.org/project/xeus-python,2023-12-22 15:54:22.000,3.0,11745.0,https://anaconda.org/conda-forge/xeus-python,2025-03-05 10:50:11.098,1900950.0,2.0,,,,,,,,,,,,,,,,,,,,,,,
137,testbook,Unit test your Jupyter Notebooks the right way.,https://github.com/nteract/testbook,,notebook-tools,21,True,nteract-testbook,nteract/testbook,conda-forge/testbook,https://github.com/nteract/testbook,BSD-3-Clause,2020-02-26 19:43:22.000,2025-01-06 09:03:19.611000,2024-08-25 01:24:04,130.0,,38.0,16.0,66.0,46.0,49.0,425.0,2020-08-11 16:50:08.000,0.1.3,,1663.0,7.0,476.0,476.0,16.0,https://pypi.org/project/nteract-testbook,2020-08-11 16:50:08.000,,90.0,https://anaconda.org/conda-forge/testbook,2025-01-06 09:03:19.611,81828.0,3.0,,,,,,,,,,,,,,,,,,,,,,,
138,vega,IPython/Jupyter notebook module for Vega and Vega-Lite.,https://github.com/vega/ipyvega,,widgets,21,True,vega,vega/ipyvega,conda-forge/vega,https://github.com/vega/ipyvega,BSD-3-Clause,2015-08-04 03:22:47.000,2025-03-01 01:18:27.000000,2025-01-01 01:30:41,688.0,2.0,65.0,28.0,508.0,15.0,91.0,377.0,2024-09-25 14:29:32.000,4.1.0,,29145.0,41.0,21.0,4.0,15.0,https://pypi.org/project/vega,2024-09-25 14:29:32.000,17.0,16888.0,https://anaconda.org/conda-forge/vega,2024-09-25 20:44:27.334,710952.0,3.0,,,,,,,,,,,,,-2.0,,,,,,,,,,
139,dask-labextension,JupyterLab extension for Dask.,https://github.com/dask/dask-labextension,,lab-extensions,21,True,dask-labextension,dask/dask-labextension,conda-forge/dask-labextension,https://github.com/dask/dask-labextension,BSD-3-Clause,2016-09-26 19:01:37.000,2025-02-24 14:15:34.000000,2025-02-24 14:15:34,412.0,2.0,65.0,17.0,122.0,46.0,103.0,318.0,2023-11-07 09:41:30.000,7.0.0,,51804.0,28.0,24.0,3.0,26.0,https://pypi.org/project/dask-labextension,2023-08-04 14:55:02.000,16.0,32932.0,https://anaconda.org/conda-forge/dask-labextension,2024-12-26 15:32:11.272,1012384.0,2.0,dask-labextension,https://www.npmjs.com/package/dask-labextension,2022-06-21 23:23:38.435,5.0,466.0,,,,,,,,,,,,,,,,,,
140,jupyter-flex,Build dashboards using Jupyter Notebooks.,https://github.com/danielfrg/jupyter-flex,,notebook-sharing,21,True,jupyter-flex,danielfrg/jupyter-flex,conda-forge/jupyter-flex,https://github.com/danielfrg/jupyter-flex,Apache-2.0,2019-12-13 20:19:40.000,2025-01-13 18:35:31.055000,2024-05-07 14:16:18,390.0,,55.0,7.0,122.0,13.0,51.0,316.0,2023-03-28 23:50:00.718,0.9.1,,3698.0,18.0,61.0,56.0,4.0,https://pypi.org/project/jupyter-flex,2023-03-28 23:50:00.718,,3239.0,https://anaconda.org/conda-forge/jupyter-flex,2025-01-13 18:35:31.055,23659.0,3.0,@danielfrg/jupyter-flex,https://www.npmjs.com/package/@danielfrg/jupyter-flex,2021-10-02 05:04:29.585,5.0,21.0,,,,,,,,,,,,,,,,,,
141,JupyterLab System Monitor,JupyterLab extension to display system metrics.,https://github.com/jtpio/jupyterlab-system-monitor,,lab-extensions,21,False,jupyterlab-system-monitor,jtpio/jupyterlab-system-monitor,conda-forge/jupyterlab-system-monitor,https://github.com/jtpio/jupyterlab-system-monitor,BSD-3-Clause,2019-07-13 12:31:51.000,2023-07-28 15:17:36.000000,2023-07-28 15:17:32,177.0,,30.0,6.0,60.0,27.0,44.0,301.0,2021-02-04 22:39:49.000,0.8.0,,5110.0,20.0,202.0,198.0,7.0,https://pypi.org/project/jupyterlab-system-monitor,2021-02-04 22:37:18.000,2.0,3757.0,https://anaconda.org/conda-forge/jupyterlab-system-monitor,2023-06-16 19:24:50.049,37456.0,2.0,jupyterlab-system-monitor,https://www.npmjs.com/package/jupyterlab-system-monitor,2020-11-23 15:30:52.408,2.0,589.0,,,,,,,,,,,,,,,,,,
142,naas,"Low-code Python library to safely use notebooks in production: schedule workflows, generate assets, trigger webhooks,..",https://github.com/jupyter-naas/naas,,notebook-tools,21,True,naas,jupyter-naas/naas,,https://github.com/jupyter-naas/naas,AGPL-3.0,2020-09-20 17:09:00.000,2025-02-14 07:28:26.000000,2024-07-23 07:42:07,1920.0,,24.0,3.0,249.0,34.0,152.0,285.0,2024-07-11 09:12:52.000,2.14.16,,3160.0,602.0,6.0,6.0,21.0,https://pypi.org/project/naas,2024-07-23 07:46:47.000,,3160.0,,,,3.0,,,,,,,,,,,,,,,,,,,,,,,
143,jupyverse,A Jupyter server based on FastAPI.,https://github.com/jupyter-server/jupyverse,,notebook-environments,21,False,jupyverse,jupyter-server/jupyverse,conda-forge/fps-auth,https://github.com/jupyter-server/jupyverse,BSD-1-Clause,2021-07-23 14:20:02.000,2025-03-06 12:02:40.000000,2025-03-06 12:02:40,736.0,22.0,31.0,8.0,391.0,37.0,48.0,256.0,2025-02-26 13:45:17.000,0.7.5,12789.0,4517.0,77.0,11.0,11.0,16.0,https://pypi.org/project/jupyverse,2025-02-26 13:45:10.000,,2672.0,https://anaconda.org/conda-forge/fps-auth,2025-02-17 20:58:29.603,55251.0,3.0,,,,,,,,,,,,,,,,,,,,,,,
144,JupyterLab Spellchecker,Spellchecker for JupyterLab notebook markdown cells and file editor.,https://github.com/jupyterlab-contrib/spellchecker,,lab-extensions,21,False,jupyterlab-spellchecker,jupyterlab-contrib/spellchecker,conda-forge/jupyterlab-spellchecker,https://github.com/jupyterlab-contrib/spellchecker,BSD-3-Clause,2018-04-02 07:47:30.000,2023-10-07 22:03:22.000000,2023-07-28 20:05:17,217.0,,20.0,10.0,84.0,20.0,40.0,210.0,2023-07-28 20:19:38.000,0.8.4,,20325.0,19.0,304.0,296.0,6.0,https://pypi.org/project/jupyterlab-spellchecker,2023-07-28 20:19:38.000,3.0,17288.0,https://anaconda.org/conda-forge/jupyterlab-spellchecker,2023-07-28 22:34:41.159,139485.0,2.0,@ijmbarr/jupyterlab_spellchecker,https://www.npmjs.com/package/@ijmbarr/jupyterlab_spellchecker,2021-10-08 10:09:24.361,5.0,70.0,,,,,,,,,,,,,,,,,,
145,mknotebooks,A plugin for mkdocs to help you include Jupyter notebooks in your projects.,https://github.com/greenape/mknotebooks,,notebook-sharing,21,False,mknotebooks,greenape/mknotebooks,,https://github.com/greenape/mknotebooks,MIT,2018-09-18 08:13:25.000,2023-08-11 12:01:01.000000,2023-08-11 11:59:53,1742.0,,21.0,2.0,1078.0,14.0,26.0,138.0,2023-08-07 10:13:29.000,0.8.0,,17856.0,866.0,780.0,688.0,14.0,https://pypi.org/project/mknotebooks,2023-08-11 12:01:01.000,92.0,17856.0,,,,3.0,,,,,,,,,,,,,,,,,,,,,,,
146,SystemdSpawner,Spawn JupyterHub single-user notebook servers with systemd.,https://github.com/jupyterhub/systemdspawner,,hub-spawners,21,True,jupyterhub-systemdspawner,jupyterhub/systemdspawner,conda-forge/jupyterhub-systemdspawner,https://github.com/jupyterhub/systemdspawner,BSD-3-Clause,2016-09-06 07:20:44.000,2024-12-01 05:32:30.000000,2024-10-20 13:40:31,249.0,,49.0,8.0,74.0,25.0,50.0,93.0,2024-10-20 13:41:10.000,1.0.2,,4515.0,21.0,52.0,50.0,21.0,https://pypi.org/project/jupyterhub-systemdspawner,2024-10-20 13:41:10.000,2.0,3612.0,https://anaconda.org/conda-forge/jupyterhub-systemdspawner,2023-06-16 16:16:00.682,61418.0,3.0,,,,,,,,,,,,,,,,,,,,,,,
147,jupyter-archive,"A Jupyter/Jupyterlab extension to make, download and extract archive files.",https://github.com/jupyterlab-contrib/jupyter-archive,,jupyter-extensions,21,True,jupyter-archive,jupyterlab-contrib/jupyter-archive,conda-forge/jupyter-archive,https://github.com/jupyterlab-contrib/jupyter-archive,BSD-3-Clause,2019-07-25 17:15:19.000,2025-03-05 08:25:24.000000,2025-03-05 08:24:10,256.0,6.0,15.0,4.0,110.0,8.0,36.0,80.0,2023-08-15 15:28:38.000,3.4.0,3340.0,49596.0,36.0,305.0,293.0,11.0,https://pypi.org/project/jupyter-archive,2023-08-15 15:28:33.000,7.0,47934.0,https://anaconda.org/conda-forge/jupyter-archive,2025-01-06 08:50:38.326,86432.0,2.0,@hadim/jupyter-archive,https://www.npmjs.com/package/@hadim/jupyter-archive,2023-08-15 15:28:31.802,5.0,68.0,,,,,,,,,,,,,,,,,,
148,Native Authenticator,JupyterHub-native User Authenticator.,https://github.com/jupyterhub/nativeauthenticator,,hub-auth,21,True,jupyterhub-nativeauthenticator,jupyterhub/nativeauthenticator,,https://github.com/jupyterhub/nativeauthenticator,BSD-3-Clause,2018-12-03 17:38:18.000,2025-03-03 20:42:31.000000,2025-02-04 06:09:52,612.0,2.0,69.0,12.0,174.0,34.0,76.0,76.0,2024-09-17 13:56:12.000,1.3.0,,12469.0,14.0,103.0,103.0,24.0,https://pypi.org/project/jupyterhub-nativeauthenticator,2024-09-17 13:56:12.000,,12469.0,,,,2.0,,,,,,,,,,,,,,,,,,,,,,,
149,ipyvue,Jupyter widgets base for Vue libraries.,https://github.com/widgetti/ipyvue,,widgets,21,True,ipyvue,mariobuikhuizen/ipyvue,conda-forge/ipyvue,https://github.com/widgetti/ipyvue,MIT,2019-08-11 10:10:05.000,2024-11-14 20:42:01.353000,2024-11-14 12:40:36,146.0,,18.0,7.0,81.0,8.0,9.0,70.0,2024-11-14 12:48:40.000,1.11.2,,210984.0,37.0,1279.0,1227.0,6.0,https://pypi.org/project/ipyvue,2024-11-14 12:45:22.000,36.0,204435.0,https://anaconda.org/conda-forge/ipyvue,2024-11-14 20:42:01.353,198746.0,3.0,jupyter-vue,https://www.npmjs.com/package/jupyter-vue,2024-11-14 12:45:28.205,16.0,3063.0,,,,,,,widgetti/ipyvue,,,,,,,,,,,
150,ipydatawidgets,A set of widgets to help facilitate reuse of large datasets across widgets.,https://github.com/vidartf/ipydatawidgets,,widgets,21,False,ipydatawidgets,vidartf/ipydatawidgets,conda-forge/ipydatawidgets,https://github.com/vidartf/ipydatawidgets,BSD-3-Clause,2017-07-31 17:37:26.000,2023-06-16 16:11:33.197000,2023-06-14 12:39:14,307.0,,9.0,6.0,47.0,11.0,10.0,44.0,2023-06-14 12:41:06.000,4.3.5,,85004.0,22.0,1442.0,1413.0,5.0,https://pypi.org/project/ipydatawidgets,2023-06-14 11:16:58.611,29.0,81047.0,https://anaconda.org/conda-forge/ipydatawidgets,2023-06-16 16:11:33.197,320548.0,3.0,,,,,,,,,,,,,,,,,,,,,,,
151,commuter,Notebook sharing hub.,https://github.com/nteract/commuter,,notebook-sharing,20,False,,nteract/commuter,,https://github.com/nteract/commuter,BSD-3-Clause,2017-01-03 22:23:32.000,2023-09-08 15:20:37.000000,2022-04-28 20:49:58,640.0,,551.0,41.0,255.0,59.0,39.0,6212.0,2020-10-27 19:53:29.453,5.11.0,,111.0,71.0,7.0,2.0,27.0,,,,,,,,3.0,@nteract/commuter,https://www.npmjs.com/package/@nteract/commuter,2020-10-27 19:53:29.453,5.0,111.0,,,,,,,,,,,,,,,,,,
152,mercury,Convert Jupyter Notebooks to Web Apps.,https://github.com/mljar/mercury,,notebook-tools,20,True,mljar-mercury,mljar/mercury,,https://github.com/mljar/mercury,AGPL-3.0,2021-12-20 13:43:44.000,2024-12-06 09:43:21.000000,2024-12-06 09:43:21,854.0,,261.0,45.0,36.0,86.0,353.0,4140.0,2024-05-10 13:13:05.000,2.4.2,,16.0,50.0,161.0,161.0,16.0,https://pypi.org/project/mljar-mercury,2022-09-02 09:05:19.173,,16.0,,,,3.0,,,,,,,,,,,,,,,,,,,,,,,
153,ML Workspace,All-in-one web-based IDE specialized for machine learning and data science.,https://github.com/ml-tooling/ml-workspace,,notebook-environments,20,False,,ml-tooling/ml-workspace,,https://github.com/ml-tooling/ml-workspace,Apache-2.0,2019-05-27 16:55:15.000,2024-07-26 07:39:39.000000,2023-11-14 19:49:36,847.0,,445.0,74.0,34.0,1.0,96.0,3501.0,2021-07-13 22:12:59.000,0.13.2,,8068.0,4.0,,,12.0,,,,,,,,3.0,,,,,,mltooling/ml-workspace,https://hub.docker.com/r/mltooling/ml-workspace,2021-07-13 16:32:15.225256,26.0,564814.0,,,,,,,,,,,,,
154,xeus-cling,Jupyter kernel for the C++ programming language.,https://github.com/jupyter-xeus/xeus-cling,,kernels,20,True,,jupyter-xeus/xeus-cling,conda-forge/xeus-cling,https://github.com/jupyter-xeus/xeus-cling,BSD-3-Clause,2017-04-20 15:35:44.000,2024-05-02 15:55:46.000000,2024-04-16 07:36:06,534.0,,302.0,68.0,229.0,171.0,133.0,3153.0,,,,5133.0,20.0,,,27.0,,,,,https://anaconda.org/conda-forge/xeus-cling,2023-11-11 12:27:30.968,292628.0,3.0,,,,,,,,,,,,,,,,,,,,,,,
155,Apache Toree,Jupyter kernel for Apache Spark.,https://github.com/apache/incubator-toree,,kernels,20,True,toree,apache/incubator-toree,,https://github.com/apache/incubator-toree,Apache-2.0,2016-01-07 08:00:06.000,2025-02-20 10:32:44.000000,2025-02-20 10:32:44,1179.0,2.0,221.0,48.0,227.0,12.0,,741.0,2022-04-21 19:01:00.000,0.5.0,,6069.0,14.0,,,110.0,https://pypi.org/project/toree,2022-04-21 19:01:00.000,,6069.0,,,,3.0,,,,,,,,,,,,,,,,,,,,,,,
156,Matlab Kernel,Jupyter Kernel for Matlab.,https://github.com/Calysto/matlab_kernel,,kernels,20,False,matlab_kernel,calysto/matlab_kernel,conda-forge/matlab_kernel,https://github.com/Calysto/matlab_kernel,BSD-3-Clause,2015-01-31 12:51:06.000,2025-01-22 07:12:30.301000,2022-05-09 10:21:01,216.0,,76.0,21.0,33.0,27.0,106.0,469.0,2022-05-09 10:23:00.581,0.17.1,,5295.0,56.0,5.0,,18.0,https://pypi.org/project/matlab_kernel,2017-04-20 00:39:18.000,5.0,3594.0,https://anaconda.org/conda-forge/matlab_kernel,2025-01-22 07:12:30.301,88474.0,3.0,,,,,,,,,,,,,,,,,,,,,,,
157,JupyterLab GitHub,GitHub integration for JupyterLab.,https://github.com/jupyterlab/jupyterlab-github,,lab-extensions,20,True,jupyterlab-github,jupyterlab/jupyterlab-github,,https://github.com/jupyterlab/jupyterlab-github,BSD-3-Clause,2017-10-15 17:18:11.000,2024-03-25 09:01:34.000000,2024-03-25 09:01:33,248.0,,105.0,30.0,92.0,34.0,41.0,418.0,2023-08-03 14:12:11.000,4.0.0,68.0,2670.0,24.0,13.0,6.0,18.0,https://pypi.org/project/jupyterlab-github,2023-08-03 14:12:04.000,2.0,2344.0,,,,2.0,@jupyterlab/github,https://www.npmjs.com/package/@jupyterlab/github,2023-08-02 17:40:03.884,5.0,326.0,,,,,,,,,,,,,,,,,,
158,Darcula Theme,A handsome Darcula theme for Jupyterlab. The first jlab theme to include dark scrollbars.,https://github.com/telamonian/theme-darcula,,lab-themes,20,False,theme-darcula,telamonian/theme-darcula,conda-forge/theme-darcula,https://github.com/telamonian/theme-darcula,BSD-3-Clause,2019-01-21 04:39:42.000,2023-06-16 19:25:35.462000,2022-07-20 12:02:54,113.0,,41.0,5.0,46.0,23.0,17.0,215.0,2022-07-20 12:04:00.552,4.0.0,,2646.0,13.0,1357.0,1352.0,7.0,https://pypi.org/project/theme-darcula,2022-07-20 12:04:00.552,,1959.0,https://anaconda.org/conda-forge/theme-darcula,2023-06-16 19:25:35.462,29477.0,1.0,@telamonian/theme-darcula,https://www.npmjs.com/package/@telamonian/theme-darcula,2022-07-20 12:02:58.154,5.0,60.0,,,,,,,,,,,,,,,,,,
159,Spylon Kernel,Jupyter kernel for scala and spark.,https://github.com/adtech-labs/spylon-kernel,,kernels,20,False,spylon-kernel,vericast/spylon-kernel,conda-forge/spylon-kernel,https://github.com/adtech-labs/spylon-kernel,BSD-3-Clause,2016-11-21 02:23:14.000,2024-01-11 09:22:04.000000,2018-09-20 15:43:57,188.0,,38.0,11.0,29.0,26.0,20.0,188.0,2018-03-23 20:36:58.000,0.4.1,,3794.0,14.0,221.0,221.0,6.0,https://pypi.org/project/spylon-kernel,2018-03-23 20:36:58.000,,2270.0,https://anaconda.org/conda-forge/spylon-kernel,2023-06-16 13:20:41.310,147842.0,3.0,,,,,,,,,,,,adtech-labs/spylon-kernel,,,,,,,,,,,
160,colabcode,Run VSCode (codeserver) on Google Colab or Kaggle Notebooks.,https://github.com/abhishekkrthakur/colabcode,,others,19,True,colabcode,abhishekkrthakur/colabcode,,https://github.com/abhishekkrthakur/colabcode,MIT,2020-09-09 10:06:26.000,2024-09-14 16:08:49.000000,2024-09-14 16:08:49,45.0,,297.0,20.0,39.0,62.0,33.0,2099.0,2021-06-11 15:17:12.000,0.3.0,,11152.0,13.0,,,8.0,https://pypi.org/project/colabcode,2021-06-11 15:17:12.000,,11152.0,,,,3.0,,,,,,,,,,,,,,,,,,,,,,,
161,IJava,A Jupyter kernel for executing Java code.,https://github.com/SpencerPark/IJava,,kernels,19,False,,SpencerPark/IJava,,https://github.com/SpencerPark/IJava,MIT,2017-10-08 04:42:46.000,2024-06-01 04:30:45.000000,2019-12-08 22:22:20,90.0,,209.0,36.0,16.0,93.0,64.0,1135.0,2019-05-06 03:28:50.000,1.3.0,207089.0,2556.0,5.0,,,4.0,,,,,,,,3.0,,,,,,,,,,,,,,,,,,,,,,,
162,nb_conda_kernels,Package for managing conda environment-based kernels inside of Jupyter.,https://github.com/anaconda/nb_conda_kernels,,kernels,19,True,,Anaconda-Platform/nb_conda_kernels,conda-forge/nb_conda_kernels,https://github.com/anaconda/nb_conda_kernels,BSD-3-Clause,2015-12-10 16:11:42.000,2025-02-28 06:55:14.000000,2025-02-12 16:27:52,439.0,7.0,70.0,18.0,131.0,10.0,147.0,612.0,2024-04-16 17:36:25.000,2.5.0,,28143.0,13.0,,,20.0,,,,,https://anaconda.org/conda-forge/nb_conda_kernels,2024-04-26 16:56:00.957,1547872.0,3.0,,,,,,,,,,,,anaconda/nb_conda_kernels,,,,,,,,,,,
163,Ansible Kernel,Jupyter Notebook Kernel for running Ansible Tasks and Playbooks.,https://github.com/ansible/ansible-jupyter-kernel,,kernels,19,False,ansible-kernel,ansible/ansible-jupyter-kernel,conda-forge/ansible-kernel,https://github.com/ansible/ansible-jupyter-kernel,Apache-2.0,2018-06-26 14:28:02.000,2023-06-16 16:15:33.557000,2022-02-11 15:18:23,212.0,,60.0,21.0,51.0,17.0,29.0,535.0,2022-02-11 15:19:00.000,1.0.0,,883.0,11.0,16.0,16.0,10.0,https://pypi.org/project/ansible-kernel,2022-02-11 15:19:00.000,,594.0,https://anaconda.org/conda-forge/ansible-kernel,2023-06-16 16:15:33.557,19960.0,3.0,,,,,,benthomasson/ansible-jupyter-kernel,https://hub.docker.com/r/benthomasson/ansible-jupyter-kernel,,,,,,,,,,,,,,,,
164,JupyterLab Google Drive,Cloud storage for JupyterLab using Google Drive.,https://github.com/jupyterlab/jupyterlab-google-drive,,lab-extensions,19,False,,jupyterlab/jupyterlab-google-drive,,https://github.com/jupyterlab/jupyterlab-google-drive,BSD-3-Clause,2016-12-17 01:40:45.000,2023-08-03 16:55:22.000000,2023-08-03 16:55:22,516.0,,76.0,33.0,118.0,,99.0,401.0,2020-05-27 00:10:19.202,2.0.0,,690.0,32.0,10.0,5.0,17.0,,,,,,,,2.0,@jupyterlab/google-drive,https://www.npmjs.com/package/@jupyterlab/google-drive,2020-05-27 00:10:19.202,5.0,690.0,,,,,,,,,,,,,,,,,,
165,jupyterlab-execute-time,A JupyterLab extension for displaying cell timings.,https://github.com/deshaw/jupyterlab-execute-time,,lab-extensions,19,True,jupyterlab-execute-time,deshaw/jupyterlab-execute-time,conda-forge/jupyterlab_execute_time,https://github.com/deshaw/jupyterlab-execute-time,BSD-3-Clause,2020-04-07 22:27:30.000,2024-12-21 16:39:45.413000,2024-12-19 17:04:47,67.0,1.0,48.0,8.0,56.0,14.0,62.0,382.0,2024-09-12 23:33:12.000,3.2.0,,107243.0,16.0,20.0,4.0,19.0,https://pypi.org/project/jupyterlab-execute-time,2024-09-12 23:33:12.000,11.0,43725.0,https://anaconda.org/conda-forge/jupyterlab_execute_time,2024-12-21 16:39:45.413,98240.0,2.0,jupyterlab-execute-time,https://www.npmjs.com/package/jupyterlab-execute-time,2021-01-18 14:16:24.052,5.0,61554.0,,,,,,,,-2.0,,,,,,,,,,
166,Lantern,Data exploration glue.,https://github.com/timkpaine/lantern,,lab-extensions,19,True,pylantern,timkpaine/lantern,,https://github.com/timkpaine/lantern,Apache-2.0,2017-07-15 03:49:10.000,2024-11-18 13:57:05.000000,2024-11-18 13:57:03,543.0,,21.0,13.0,29.0,6.0,194.0,350.0,2020-02-02 22:32:28.000,0.1.6,,293.0,26.0,24.0,22.0,3.0,https://pypi.org/project/pylantern,2020-02-02 22:31:39.000,2.0,293.0,,,,2.0,,,,,,,,,,,,,,,,,,,,,,,
167,treon,Easy to use test framework for Jupyter Notebooks.,https://github.com/ReviewNB/treon,,notebook-tools,19,False,treon,ReviewNB/treon,conda-forge/treon,https://github.com/ReviewNB/treon,MIT,2019-03-29 15:02:35.000,2025-01-13 23:07:13.795000,2022-08-04 11:15:04,66.0,,29.0,12.0,13.0,4.0,10.0,308.0,2022-08-04 11:25:18.993,0.1.4,,6243.0,5.0,138.0,131.0,5.0,https://pypi.org/project/treon,2022-08-04 11:25:18.993,7.0,5863.0,https://anaconda.org/conda-forge/treon,2025-01-13 23:07:13.795,17125.0,3.0,,,,,,,,,,,,,,,,,,,,,,,
168,nbopen,Open a Jupyter notebook in the best available server.,https://github.com/takluyver/nbopen,,notebook-tools,19,False,nbopen,takluyver/nbopen,,https://github.com/takluyver/nbopen,BSD-3-Clause,2014-07-09 03:24:47.000,2023-09-08 12:57:22.000000,2023-09-08 12:54:36,64.0,,58.0,16.0,18.0,40.0,27.0,307.0,2017-09-08 07:23:49.000,0.4.3,,1643.0,10.0,150.0,144.0,11.0,https://pypi.org/project/nbopen,2023-09-08 12:57:09.000,6.0,1643.0,,,,3.0,,,,,,,,,,,,,,,,,,,,,,,
169,retrolab,JupyterLab distribution with a retro look and feel.,https://github.com/jupyterlab/retrolab,,notebook-environments,19,False,retrolab,jupyterlab/retrolab,conda-forge/retrolab,https://github.com/jupyterlab/retrolab,BSD-3-Clause,2020-12-07 16:37:07.000,2024-12-31 15:17:22.495000,2023-02-16 13:40:18,633.0,,46.0,14.0,220.0,,111.0,285.0,2022-05-04 07:37:18.000,0.3.21,3752.0,2353.0,50.0,33.0,18.0,17.0,https://pypi.org/project/retrolab,2022-05-04 07:36:52.000,4.0,728.0,https://anaconda.org/conda-forge/retrolab,2024-12-31 15:17:22.495,70958.0,3.0,@jupyterlab-classic/application,https://www.npmjs.com/package/@jupyterlab-classic/application,2021-04-19 14:22:28.986,11.0,10.0,,,,,,,,,,,,,,,,,,
170,gator,Conda environment and package management extension from within Jupyter.,https://github.com/mamba-org/gator,,jupyter-extensions,19,True,mamba-gator,mamba-org/gator,conda-forge/mamba_gator,https://github.com/mamba-org/gator,BSD-3-Clause,2018-08-02 05:15:23.000,2025-01-12 21:28:58.302000,2025-01-06 11:04:23,631.0,2.0,30.0,7.0,158.0,21.0,43.0,269.0,2023-05-05 13:05:52.701,5.2.1,8.0,1303.0,30.0,7.0,5.0,26.0,https://pypi.org/project/mamba-gator,2021-09-03 07:30:09.000,,273.0,https://anaconda.org/conda-forge/mamba_gator,2025-01-12 21:28:58.302,51337.0,3.0,@mamba-org/gator-lab,https://www.npmjs.com/package/@mamba-org/gator-lab,2021-09-03 10:15:28.752,2.0,43.0,,,,,,,,,,,,,,,,,,
171,HTTP-over-WebSocket,Jupyter support for HTTP-over-ws.,https://github.com/googlecolab/jupyter_http_over_ws,,jupyter-extensions,19,False,jupyter_http_over_ws,googlecolab/jupyter_http_over_ws,conda-forge/jupyter_http_over_ws,https://github.com/googlecolab/jupyter_http_over_ws,Apache-2.0,2018-03-26 22:52:45.000,2023-06-16 19:21:18.164000,2021-08-30 21:48:24,31.0,,56.0,13.0,2.0,22.0,9.0,267.0,2020-03-12 16:09:39.000,0.0.8,,108595.0,10.0,10.0,,3.0,https://pypi.org/project/jupyter_http_over_ws,2020-03-12 16:09:39.000,10.0,107003.0,https://anaconda.org/conda-forge/jupyter_http_over_ws,2023-06-16 19:21:18.164,87583.0,3.0,,,,,,,,,,,,,,,,,,,,,,,
172,nbinteract,Create interactive webpages from Jupyter Notebooks.,https://github.com/SamLau95/nbinteract,,notebook-sharing,19,False,nbinteract,SamLau95/nbinteract,,https://github.com/SamLau95/nbinteract,BSD-3-Clause,2017-08-31 00:16:20.000,2024-02-13 21:24:04.000000,2024-02-13 21:24:04,595.0,,22.0,7.0,117.0,66.0,42.0,235.0,2021-01-05 06:49:39.135,0.2.6,,1367.0,46.0,12.0,4.0,8.0,https://pypi.org/project/nbinteract,2021-01-05 06:49:39.135,3.0,1350.0,,,,3.0,nbinteract,https://www.npmjs.com/package/nbinteract,2021-01-05 06:49:22.791,5.0,17.0,,,,,,,,,,,,,,,,,,
173,nbgallery,Enterprise Jupyter notebook sharing and collaboration app.,https://github.com/nbgallery/nbgallery,,notebook-sharing,19,True,,nbgallery/nbgallery,,https://github.com/nbgallery/nbgallery,MIT,2017-01-10 19:18:40.000,2025-03-03 19:04:45.000000,2025-02-26 13:00:46,1724.0,8.0,37.0,9.0,515.0,47.0,459.0,153.0,,,,1762.0,,,,28.0,,,,,,,,3.0,,,,,,nbgallery/nbgallery,https://hub.docker.com/r/nbgallery/nbgallery,2025-02-26 13:03:33.557426,5.0,172748.0,,,,,,,,,,,,,
174,ipytree,A Tree Widget using Jupyter-widgets protocol and jsTree.,https://github.com/jupyter-widgets-contrib/ipytree,,widgets,19,False,ipytree,QuantStack/ipytree,conda-forge/ipytree,https://github.com/jupyter-widgets-contrib/ipytree,MIT,2018-09-15 13:17:27.000,2024-12-18 07:11:48.953000,2022-11-23 09:34:00,111.0,,27.0,8.0,47.0,21.0,20.0,131.0,2022-08-24 12:33:17.000,0.2.2,,129805.0,12.0,50.0,,9.0,https://pypi.org/project/ipytree,2022-08-23 15:13:01.647,45.0,126346.0,https://anaconda.org/conda-forge/ipytree,2024-12-18 07:11:48.953,148192.0,3.0,ipytree,https://www.npmjs.com/package/ipytree,2022-08-23 15:10:34.820,5.0,372.0,,,,,,,jupyter-widgets-contrib/ipytree,,,,,,,,,,,
175,JupyterLab IFrame,View html as an embedded iframe in JupyterLab.,https://github.com/timkpaine/jupyterlab_iframe,,lab-extensions,19,True,jupyterlab_iframe,timkpaine/jupyterlab_iframe,conda-forge/jupyterlab_iframe,https://github.com/timkpaine/jupyterlab_iframe,Apache-2.0,2018-03-12 02:34:47.000,2025-02-20 13:26:27.000000,2025-02-20 13:26:25,370.0,4.0,21.0,5.0,100.0,6.0,64.0,113.0,2023-07-16 16:16:00.442,0.5.0,,2705.0,26.0,12.0,10.0,5.0,https://pypi.org/project/jupyterlab_iframe,2023-07-16 16:16:00.442,,1920.0,https://anaconda.org/conda-forge/jupyterlab_iframe,2024-12-21 16:37:43.390,39693.0,2.0,jupyterlab_iframe,https://www.npmjs.com/package/jupyterlab_iframe,2023-07-16 16:13:17.752,2.0,37.0,,,,,,,,,,,,,,,,,,
176,sphinxcontrib.jupyter,A Sphinx Extension for Generating Jupyter Notebooks.,https://github.com/QuantEcon/sphinxcontrib-jupyter,,notebook-tools,19,False,sphinxcontrib-jupyter,QuantEcon/sphinxcontrib-jupyter,,https://github.com/QuantEcon/sphinxcontrib-jupyter,BSD-3-Clause,2017-10-12 04:04:05.000,2022-02-09 08:46:28.000000,2020-06-18 03:28:01,269.0,,23.0,10.0,159.0,89.0,93.0,77.0,2020-06-18 03:31:10.000,0.5.10,,1732.0,23.0,49.0,45.0,13.0,https://pypi.org/project/sphinxcontrib-jupyter,2020-06-18 03:31:10.000,4.0,1732.0,,,,3.0,,,,,,,,,,,,,,,,,,,,,,,
177,OCaml Kernel,An OCaml kernel for Jupyter (IPython) notebook.,https://github.com/akabe/ocaml-jupyter,,kernels,18,False,,akabe/ocaml-jupyter,,https://github.com/akabe/ocaml-jupyter,MIT,2017-07-14 14:15:05.000,2024-01-25 21:07:30.000000,2023-08-11 05:18:21,385.0,,44.0,13.0,127.0,9.0,73.0,294.0,2023-08-11 02:56:40.000,2.8.3,153278.0,1666.0,35.0,,,23.0,,,,,,,,3.0,,,,,,,,,,,,,,,,,,,,,,,
178,JupyterLab SideCar,A sidecar output widget for JupyterLab.,https://github.com/jupyter-widgets/jupyterlab-sidecar,,lab-extensions,18,False,sidecar,jupyter-widgets/jupyterlab-sidecar,conda-forge/sidecar,https://github.com/jupyter-widgets/jupyterlab-sidecar,BSD-3-Clause,2018-03-26 09:23:58.000,2023-08-30 18:18:16.177000,2023-08-30 15:29:37,94.0,,39.0,15.0,76.0,39.0,13.0,253.0,2023-08-30 15:33:27.000,0.7.0,,16507.0,8.0,35.0,7.0,16.0,https://pypi.org/project/sidecar,2023-08-30 15:33:27.000,23.0,15830.0,https://anaconda.org/conda-forge/sidecar,2023-08-30 18:18:16.177,29045.0,3.0,@jupyter-widgets/jupyterlab-sidecar,https://www.npmjs.com/package/@jupyter-widgets/jupyterlab-sidecar,2021-07-05 14:42:11.336,5.0,97.0,,,,,,,,,,,,,,,,,,
179,bookstore,Notebook storage and publishing workflows for the masses.,https://github.com/nteract/bookstore,,notebook-sharing,18,False,bookstore,nteract/bookstore,,https://github.com/nteract/bookstore,BSD-3-Clause,2018-10-16 18:54:00.000,2021-12-15 14:37:42.138000,2019-12-09 16:52:07,619.0,,23.0,19.0,109.0,35.0,39.0,202.0,2021-12-15 14:37:42.138,0.0.0,,186.0,19.0,25.0,25.0,7.0,https://pypi.org/project/bookstore,2021-12-15 14:37:42.138,,186.0,,,,3.0,,,,,,,,,,,,,,,,,,,,,,,
180,cdsdashboards,JupyterHub extension for ContainDS Dashboards.,https://github.com/ideonate/cdsdashboards,,notebook-sharing,18,True,cdsdashboards,ideonate/cdsdashboards,conda-forge/cdsdashboards,https://github.com/ideonate/cdsdashboards,BSD-3-Clause,2020-04-28 13:51:31.000,2025-01-09 13:01:35.273000,2024-08-15 16:17:28,471.0,,37.0,7.0,19.0,36.0,59.0,202.0,2022-09-19 18:15:56.375,0.6.3,,2220.0,44.0,,,14.0,https://pypi.org/project/cdsdashboards,2022-09-19 18:15:56.375,,886.0,https://anaconda.org/conda-forge/cdsdashboards,2025-01-09 13:01:35.273,74716.0,3.0,,,,,,,,,,,,,,,,,,,,,,,
181,SAS Kernel,A Jupyter kernel for SAS. This opens up all the data manipulation and analytics capabilities of your SAS system within..,https://github.com/sassoftware/sas_kernel,,kernels,18,True,sas_kernel,sassoftware/sas_kernel,anaconda/sas_kernel,https://github.com/sassoftware/sas_kernel,Apache-2.0,2016-04-01 16:19:50.000,2024-07-17 20:10:02.000000,2024-07-17 20:09:59,263.0,,83.0,37.0,29.0,1.0,59.0,198.0,2022-12-01 21:51:02.000,2.4.13,,4274.0,20.0,2.0,,11.0,https://pypi.org/project/sas_kernel,2022-12-01 21:49:02.222,2.0,4241.0,https://anaconda.org/anaconda/sas_kernel,2023-06-16 13:24:59.052,2941.0,3.0,,,,,,,,,,,,,,,,,,,,,,,
182,JupyterLab Data Explorer,First class datasets in JupyterLab.,https://github.com/jupyterlab/jupyterlab-data-explorer,,lab-extensions,18,False,,jupyterlab/jupyterlab-data-explorer,,https://github.com/jupyterlab/jupyterlab-data-explorer,BSD-3-Clause,2019-01-03 21:57:42.000,2023-08-08 06:45:57.000000,2023-08-08 06:45:57,427.0,,38.0,27.0,58.0,,93.0,178.0,2019-10-03 18:34:08.594,3.0.0,,76.0,17.0,24.0,14.0,11.0,,,,,,,,3.0,@jupyterlab/dataregistry-extension,https://www.npmjs.com/package/@jupyterlab/dataregistry-extension,2019-10-03 18:34:08.594,10.0,76.0,,,,,,,,,,,,,,,,,,
183,SudoSpawner,Spawn JupyterHub single-user servers with sudo.,https://github.com/jupyterhub/sudospawner,,hub-spawners,18,False,sudospawner,jupyterhub/sudospawner,,https://github.com/jupyterhub/sudospawner,BSD-3-Clause,2014-11-24 23:21:36.000,2023-12-14 11:31:09.000000,2023-12-14 11:31:09,119.0,,44.0,11.0,37.0,19.0,23.0,51.0,2018-06-19 13:50:35.000,0.5.2,,1364.0,8.0,83.0,81.0,15.0,https://pypi.org/project/sudospawner,2018-06-19 13:50:35.000,2.0,1364.0,,,,3.0,,,,,,,,,,,,,,,,,,,,,,,
184,SAML Authenticator,jupyterhub-samlauthenticator.,https://github.com/HewlettPackard/jupyterhub-samlauthenticator,,hub-auth,18,True,jupyterhub-samlauthenticator,HewlettPackard/jupyterhub-samlauthenticator,,https://github.com/HewlettPackard/jupyterhub-samlauthenticator,MIT,2019-04-17 21:34:09.000,2025-01-25 07:15:11.000000,2025-01-25 07:13:22,118.0,5.0,26.0,30.0,45.0,22.0,15.0,38.0,2025-01-25 07:15:11.000,0.0.11,27.0,1342.0,10.0,3.0,3.0,7.0,https://pypi.org/project/jupyterhub-samlauthenticator,2025-01-25 07:15:11.000,,1342.0,,,,2.0,,,,,,,,,,,,,,,,,,,,,,,
185,heat,IPython magic command to profile and view your python code as a heat map.,https://github.com/csurfer/pyheatmagic,,magic,17,False,py-heat-magic,csurfer/pyheatmagic,,https://github.com/csurfer/pyheatmagic,MIT,2017-08-18 20:35:01.000,2024-07-14 18:30:54.000000,2021-09-10 21:27:13,34.0,,23.0,12.0,4.0,2.0,3.0,1030.0,2017-08-19 16:11:38.000,0.0.2,,562.0,2.0,52.0,52.0,3.0,https://pypi.org/project/py-heat-magic,2017-08-19 16:11:38.000,,562.0,,,,2.0,,,,,,,,,,,,,,,,,,,,,,,
186,JupyterWith,Declarative and reproducible Jupyter environments - powered by Nix.,https://github.com/tweag/jupyenv,,notebook-tools,17,True,,tweag/jupyterWith,,https://github.com/tweag/jupyenv,MIT,2018-12-18 10:10:58.000,2025-03-02 00:12:40.000000,2024-12-03 01:17:10,594.0,,131.0,34.0,361.0,36.0,171.0,693.0,2023-01-31 21:35:49.000,0.1.0,,,1.0,,,39.0,,,,,,,,3.0,,,,,,,,,,,,tweag/jupyenv,1.0,,,,,,,,,,
187,F# Kernel,F# for Jupyter Notebooks.,https://github.com/fsprojects/IfSharp,,kernels,17,False,,fsprojects/IfSharp,,https://github.com/fsprojects/IfSharp,BSD-3-Clause,2013-12-03 21:25:01.000,2022-03-17 09:11:27.000000,2022-03-17 09:11:22,339.0,,65.0,35.0,123.0,12.0,128.0,443.0,2020-03-08 20:03:38.000,3.0.4,5657.0,47.0,15.0,,,28.0,,,,,,,,3.0,,,,,,fsprojects/ifsharp,https://hub.docker.com/r/fsprojects/ifsharp,2019-03-26 17:01:42.996172,,737.0,,,,,,,,,,,,,
188,nb_black,A simple extension for Jupyter Notebook and Jupyter Lab to beautify Python code automatically using Black.,https://github.com/dnanhkhoa/nb_black,,magic,17,False,nb_black,dnanhkhoa/nb_black,conda-forge/nb_black,https://github.com/dnanhkhoa/nb_black,MIT,2019-05-02 16:13:43.498,2023-06-16 16:15:03.923000,,,,38.0,,,,,361.0,2019-11-30 08:56:06.000,1.0.7,,17510.0,4.0,19.0,,,https://pypi.org/project/nb_black,2019-11-30 08:56:06.000,19.0,11904.0,https://anaconda.org/conda-forge/nb_black,2023-06-16 16:15:03.923,392429.0,2.0,,,,,,,,,,,,,,,,,,,,,,,
189,JupyterLab Tensorboard,Tensorboard extension for jupyterlab.,https://github.com/chesterli29/jupyterlab_tensorboard,,lab-extensions,17,False,,chaoleili/jupyterlab_tensorboard,,https://github.com/chesterli29/jupyterlab_tensorboard,MIT,2018-08-14 12:36:26.000,2022-07-21 07:29:55.000000,2022-07-18 10:51:06,37.0,,36.0,12.0,28.0,20.0,10.0,316.0,2020-06-27 13:40:43.778,0.2.1,,4956.0,9.0,10.0,5.0,7.0,,,,,,,,3.0,jupyterlab_tensorboard,https://www.npmjs.com/package/jupyterlab_tensorboard,2020-06-27 13:40:43.778,5.0,4956.0,,,,,,,chesterli29/jupyterlab_tensorboard,,,,,,,,,,,
190,blackcellmagic,IPython magic command to format python code in cell using black.,https://github.com/csurfer/blackcellmagic,,magic,17,False,blackcellmagic,csurfer/blackcellmagic,conda-forge/blackcellmagic,https://github.com/csurfer/blackcellmagic,MIT,2018-04-25 14:27:26.000,2023-06-16 19:21:13.443000,2021-09-18 19:09:46,18.0,,12.0,12.0,7.0,5.0,5.0,307.0,2021-09-18 19:13:12.000,0.0.3,,3022.0,3.0,249.0,246.0,3.0,https://pypi.org/project/blackcellmagic,2021-09-18 19:13:12.000,3.0,2952.0,https://anaconda.org/conda-forge/blackcellmagic,2023-06-16 19:21:13.443,3878.0,2.0,,,,,,,,,,,,,,,,,,,,,,,
191,Jupyter Spark,Jupyter Notebook extension for Apache Spark integration.,https://github.com/mozilla/jupyter-spark,,jupyter-extensions,17,False,jupyter-spark,mozilla/jupyter-spark,,https://github.com/mozilla/jupyter-spark,MPL-2.0,2016-01-27 15:38:50.000,2020-12-01 19:43:11.000000,2020-12-01 19:43:11,106.0,,34.0,34.0,28.0,16.0,14.0,193.0,2018-03-08 14:28:54.000,0.4.0,,811.0,4.0,24.0,24.0,12.0,https://pypi.org/project/jupyter-spark,2018-03-08 14:28:54.000,,811.0,,,,3.0,,,,,,,,,,,,,,,,,,,,,,,
192,SciJava Kernel,[RETIRED] Try IJava or BeakerX.,https://github.com/scijava/scijava-jupyter-kernel,,kernels,17,False,,scijava/scijava-jupyter-kernel,conda-forge/scijava-jupyter-kernel,https://github.com/scijava/scijava-jupyter-kernel,Apache-2.0,2017-01-31 01:16:24.000,2023-06-16 13:18:35.621000,2022-02-03 17:25:03,404.0,,38.0,20.0,22.0,14.0,80.0,178.0,2017-06-02 21:19:27.000,0.5.0,134.0,1214.0,15.0,,,9.0,,,,,https://anaconda.org/conda-forge/scijava-jupyter-kernel,2023-06-16 13:18:35.621,115312.0,3.0,,,,,,,,,,,,,,,,,,,,,,,
193,Spark Monitor,Monitor Apache Spark from Jupyter Notebook.,https://github.com/krishnan-r/sparkmonitor,,jupyter-extensions,17,False,sparkmonitor,krishnan-r/sparkmonitor,,https://github.com/krishnan-r/sparkmonitor,Apache-2.0,2017-05-31 09:13:01.000,2024-01-25 15:00:22.000000,2022-05-16 18:45:37,215.0,,51.0,9.0,23.0,30.0,7.0,172.0,2024-01-25 15:00:22.000,3.0.2,2555.0,14206.0,9.0,,,3.0,https://pypi.org/project/sparkmonitor,2024-01-25 15:00:22.000,,14168.0,,,,3.0,,,,,,krishnanr/sparkmonitor,https://hub.docker.com/r/krishnanr/sparkmonitor,2019-10-04 06:28:22.959295,,1067.0,,,,,,,,,,,,,
194,Kernel Detection,An Jupyter plugin to enable the automatic detection of conda and virtualenv environments as kernels.,https://github.com/Cadair/jupyter_environment_kernels,,kernels,17,False,environment_kernels,Cadair/jupyter_environment_kernels,,https://github.com/Cadair/jupyter_environment_kernels,BSD-2-Clause,2015-01-06 14:50:00.000,2022-11-23 11:45:34.886000,2022-11-23 11:42:26,83.0,,19.0,6.0,12.0,7.0,23.0,150.0,2022-11-23 11:45:34.886,1.2.0,,28592.0,4.0,8.0,8.0,8.0,https://pypi.org/project/environment_kernels,2022-11-23 11:45:34.886,,28592.0,,,,3.0,,,,,,,,,,,,,,,,,,,,,,,
195,nb_conda,Conda environment and package access extension from within Jupyter.,https://github.com/anaconda/nb_conda,,jupyter-extensions,17,False,,Anaconda-Platform/nb_conda,conda-forge/nb_conda,https://github.com/anaconda/nb_conda,BSD-3-Clause,2015-12-09 23:12:58.000,2025-02-11 15:55:34.000000,2020-09-11 21:06:00,158.0,,30.0,12.0,38.0,36.0,28.0,140.0,,,,13641.0,4.0,,,14.0,,,,,https://anaconda.org/conda-forge/nb_conda,2024-12-27 15:56:50.600,722988.0,3.0,,,,,,,,,,,,anaconda/nb_conda,,,,,,,,,,,
196,ipycache,Defines a %%cache cell magic in the IPython notebook to cache results of long-lasting computations in a persistent..,https://github.com/rossant/ipycache,,magic,17,True,ipycache,rossant/ipycache,conda-forge/ipycache,https://github.com/rossant/ipycache,BSD-3-Clause,2013-10-08 13:16:17.000,2024-11-21 21:36:57.000000,2024-11-21 21:36:57,115.0,,25.0,11.0,36.0,17.0,22.0,140.0,2013-10-13 16:56:18.000,0.1.4,,1205.0,5.0,37.0,35.0,11.0,https://pypi.org/project/ipycache,2013-10-13 16:56:18.000,2.0,279.0,https://anaconda.org/conda-forge/ipycache,2023-06-16 13:16:28.691,98191.0,2.0,,,,,,,,,,,,,,,,,,,,,,,
197,nbcelltests,Cell-by-cell testing for production Jupyter notebooks in JupyterLab.,https://github.com/jpmorganchase/nbcelltests,,lab-extensions,17,True,nbcelltests,jpmorganchase/nbcelltests,conda-forge/nbcelltests,https://github.com/jpmorganchase/nbcelltests,Apache-2.0,2018-08-23 23:51:41.000,2025-02-01 23:40:33.000000,2025-02-01 23:40:31,643.0,7.0,22.0,10.0,176.0,31.0,88.0,92.0,2024-06-05 23:58:46.000,0.3.2,,569.0,17.0,7.0,5.0,8.0,https://pypi.org/project/nbcelltests,2024-06-05 23:57:35.000,,329.0,https://anaconda.org/conda-forge/nbcelltests,2025-01-03 17:40:12.540,13468.0,3.0,jupyterlab_celltests,https://www.npmjs.com/package/jupyterlab_celltests,2020-10-05 14:26:51.696,2.0,8.0,,,,,,,,,,,,,,,,,,
198,JupyterLab Autoversion,Automatically version jupyter notebooks in JupyterLab.,https://github.com/timkpaine/jupyterlab_autoversion,,lab-extensions,17,True,jupyterlab_autoversion,timkpaine/jupyterlab_autoversion,conda-forge/jupyterlab_autoversion,https://github.com/timkpaine/jupyterlab_autoversion,Apache-2.0,2018-08-23 23:49:52.000,2025-03-01 15:44:36.000000,2025-03-01 15:44:34,442.0,38.0,10.0,6.0,156.0,5.0,32.0,85.0,2024-06-19 02:21:46.596,0.4.0,,930.0,17.0,5.0,,5.0,https://pypi.org/project/jupyterlab_autoversion,2024-06-19 02:19:40.000,,369.0,https://anaconda.org/conda-forge/jupyterlab_autoversion,2025-01-07 19:21:37.344,27747.0,3.0,jupyterlab_autoversion,https://www.npmjs.com/package/jupyterlab_autoversion,2024-06-19 02:21:46.596,5.0,17.0,,,,,,,,,,,,,,,,,,
199,Altair Viewer,Viewer for Altair and Vega-Lite visualizations.,https://github.com/altair-viz/altair_viewer,,widgets,17,True,altair_viewer,altair-viz/altair_viewer,conda-forge/altair_viewer,https://github.com/altair-viz/altair_viewer,BSD-3-Clause,2019-12-20 14:32:14.000,2024-03-30 17:00:31.000000,2024-03-30 17:00:31,150.0,,11.0,7.0,48.0,,13.0,81.0,2021-11-06 14:18:45.000,0.4.0,,34466.0,7.0,27.0,,4.0,https://pypi.org/project/altair_viewer,2021-11-06 14:16:09.000,27.0,32864.0,https://anaconda.org/conda-forge/altair_viewer,2023-06-16 19:17:31.930,99359.0,3.0,,,,,,,,,,,,,,,,,,,,,,,
200,jupyterlab-sos,"Jupyterlab extension for SoS Polyglot Notebook and Workflow Engine, allows multiple kernels in one notebook.",https://github.com/vatlab/jupyterlab-sos,,lab-extensions,17,True,jupyterlab-sos,vatlab/jupyterlab-sos,conda-forge/jupyterlab-sos,https://github.com/vatlab/jupyterlab-sos,BSD-3-Clause,2018-03-20 16:07:18.000,2024-10-18 04:13:33.000000,2024-10-18 04:13:02,349.0,,6.0,5.0,8.0,13.0,55.0,73.0,2024-10-17 03:38:59.000,0.11.0,,1377.0,43.0,8.0,3.0,4.0,https://pypi.org/project/jupyterlab-sos,2024-10-17 03:38:59.000,,505.0,https://anaconda.org/conda-forge/jupyterlab-sos,2024-10-17 08:34:48.427,47080.0,3.0,jupyterlab-sos,https://www.npmjs.com/package/jupyterlab-sos,2021-01-14 22:31:15.129,5.0,32.0,,,,,,,,,,,,,,,,,,
201,LTI Authenticator,A JupyterHub authenticator for LTI.,https://github.com/jupyterhub/ltiauthenticator,,hub-auth,17,True,jupyterhub-ltiauthenticator,jupyterhub/ltiauthenticator,,https://github.com/jupyterhub/ltiauthenticator,BSD-3-Clause,2017-12-15 02:54:15.000,2025-03-03 20:43:26.000000,2024-12-04 03:26:33,478.0,,54.0,7.0,150.0,5.0,48.0,71.0,2024-01-04 13:15:25.000,1.6.2,,3520.0,14.0,,,18.0,https://pypi.org/project/jupyterhub-ltiauthenticator,2024-01-04 13:15:25.000,,3520.0,,,,2.0,,,,,,,,,,,,,,,,,,,,,,,
202,First Use Authenticator,JupyterHub Authenticator that lets users set passwords when they first log in.,https://github.com/jupyterhub/firstuseauthenticator,,hub-auth,17,True,jupyterhub-firstuseauthenticator,jupyterhub/firstuseauthenticator,,https://github.com/jupyterhub/firstuseauthenticator,BSD-3-Clause,2016-10-25 03:09:14.000,2024-12-01 05:52:25.000000,2024-09-17 13:58:49,111.0,,33.0,5.0,34.0,9.0,17.0,50.0,2024-09-17 14:00:34.000,1.1.0,,6750.0,9.0,114.0,114.0,12.0,https://pypi.org/project/jupyterhub-firstuseauthenticator,2024-09-17 14:00:34.000,,6750.0,,,,2.0,,,,,,,,,,,,,,,,,,,,,,,
203,ipyscales,A widget library for scales.,https://github.com/vidartf/ipyscales,,widgets,17,False,ipyscales,vidartf/ipyscales,conda-forge/ipyscales,https://github.com/vidartf/ipyscales,BSD-3-Clause,2017-08-24 20:16:19.000,2025-01-13 15:13:05.079000,2022-09-01 10:51:55,178.0,,4.0,3.0,23.0,2.0,4.0,13.0,2022-09-01 10:53:14.353,0.7.0,,1433.0,11.0,71.0,60.0,4.0,https://pypi.org/project/ipyscales,2022-09-01 10:53:14.353,2.0,167.0,https://anaconda.org/conda-forge/ipyscales,2025-01-13 15:13:05.079,71467.0,3.0,jupyter-scales,https://www.npmjs.com/package/jupyter-scales,2022-09-01 10:39:34.683,9.0,13.0,,,,,,,,,,,,,,,,,,
204,geonotebook,A Jupyter notebook extension for geospatial visualization and analysis.,https://github.com/OpenGeoscience/geonotebook,,widgets,16,False,,OpenGeoscience/geonotebook,,https://github.com/OpenGeoscience/geonotebook,Apache-2.0,2016-07-26 19:48:45.000,2019-01-21 18:59:02.250643,2019-01-21 15:53:00,647.0,,139.0,67.0,90.0,39.0,46.0,1091.0,,,,1264.0,,,,9.0,,,,,,,,3.0,,,,,,geonotebook/geonotebook,https://hub.docker.com/r/geonotebook/geonotebook,2019-01-21 18:59:02.250643,9.0,131542.0,,,,,,,,,,,,,
205,jupyter-tabnine,Autocompletion with Deep Learning on Jupyter Notebook.,https://github.com/codota/jupyter-tabnine,,jupyter-extensions,16,False,jupyter-tabnine,codota/jupyter-tabnine,,https://github.com/codota/jupyter-tabnine,MIT,2019-09-07 00:30:49.000,2023-02-05 13:08:34.000000,2021-08-23 11:44:08,105.0,,124.0,17.0,16.0,47.0,28.0,794.0,2021-08-23 11:45:07.000,1.2.3,,2835.0,8.0,,,10.0,https://pypi.org/project/jupyter-tabnine,2021-08-23 11:45:07.000,,2835.0,,,,3.0,,,,,,,,,,,,,,,,,,,,,,,
206,gpu-jupyter,"GPU-Jupyter: Your GPU-accelerated JupyterLab with a rich data science toolstack, TensorFlow and PyTorch for your..",https://github.com/iot-salzburg/gpu-jupyter,,notebook-environments,16,True,,iot-salzburg/gpu-jupyter,,https://github.com/iot-salzburg/gpu-jupyter,Apache-2.0,2019-11-12 20:10:23.000,2025-02-28 18:15:37.000000,2025-02-28 18:04:47,341.0,9.0,231.0,16.0,62.0,3.0,95.0,723.0,2025-02-28 18:15:37.000,Release-v1.9_cuda-12.6_ubuntu-24.04,,,9.0,,,15.0,,,,,,,,3.0,,,,,,,,,,,,,,,,,,,,,,,
207,jupyter-tensorboard,Start Tensorboard in Jupyter Notebook.,https://github.com/lspvic/jupyter_tensorboard,,jupyter-extensions,16,False,jupyter-tensorboard,lspvic/jupyter_tensorboard,,https://github.com/lspvic/jupyter_tensorboard,MIT,2017-08-22 08:05:13.000,2022-06-14 12:29:55.000000,2020-02-16 06:42:48,69.0,,81.0,16.0,10.0,44.0,29.0,459.0,2020-02-16 07:15:03.000,0.2.0,,2343.0,19.0,1.0,,4.0,https://pypi.org/project/jupyter-tensorboard,2020-02-16 07:15:03.000,1.0,2343.0,,,,3.0,,,,,,,,,,,,,,,,,,,,,,,
208,py_d3,D3 block magic for Jupyter notebook.,https://github.com/ResidentMario/py_d3,,magic,16,False,py_d3,ResidentMario/py_d3,,https://github.com/ResidentMario/py_d3,MIT,2016-08-28 03:38:28.000,2022-02-20 00:55:57.000000,2022-02-20 00:55:56,41.0,,38.0,23.0,6.0,1.0,15.0,453.0,2018-03-28 15:38:57.000,0.3.0,,410.0,9.0,3.0,3.0,4.0,https://pypi.org/project/py_d3,2018-03-28 15:38:57.000,,410.0,,,,3.0,,,,,,,,,,,,,,,,,,,,,,,
209,notebookJS,notebookJS: seamless JavaScript integration in Python Notebooks.,https://github.com/jorgehpo/notebookJS,,kernels,16,False,notebookjs,jorgehpo/notebookJS,,https://github.com/jorgehpo/notebookJS,MIT,2021-04-12 03:55:17.000,2024-08-18 23:33:43.622000,2022-12-25 22:31:58,56.0,,48.0,7.0,1.0,1.0,,272.0,2024-08-18 23:33:43.622,0.8.3,,2958.0,29.0,42.0,30.0,2.0,https://pypi.org/project/notebookjs,2021-04-17 19:11:41.000,,214.0,,,,3.0,notebookjs,https://www.npmjs.com/package/notebookjs,2024-08-18 23:33:43.622,12.0,2744.0,,,,,,,,,,,,,,,,,,
210,pynb,Jupyter Notebooks as plain Python code with embedded Markdown text.,https://github.com/elehcimd/pynb,,notebook-sharing,16,False,pynb,elehcimd/pynb,,https://github.com/elehcimd/pynb,MIT,2017-11-14 11:13:22.000,2020-07-07 15:27:22.000000,2020-07-07 15:27:10,154.0,,8.0,18.0,6.0,,8.0,249.0,2020-07-07 15:27:22.000,0.2.4,,233.0,17.0,25.0,24.0,8.0,https://pypi.org/project/pynb,2020-07-07 15:27:22.000,1.0,233.0,,,,3.0,,,,,,,,,,,,,,,,,,,,,,,
211,jupyterlab-interactive-dashboard-editor,A drag-and-drop dashboard editor for JupyterLab.,https://github.com/jupytercalpoly/jupyterlab-interactive-dashboard-editor,,lab-extensions,16,False,jupyterlab-interactive-dashboard-editor,jupytercalpoly/jupyterlab-interactive-dashboard-editor,conda-forge/jupyterlab-interactive-dashboard-editor,https://github.com/jupytercalpoly/jupyterlab-interactive-dashboard-editor,BSD-3-Clause,2020-06-17 20:39:00.000,2025-01-12 15:06:06.521000,2022-04-13 05:12:13,318.0,,26.0,9.0,113.0,50.0,12.0,219.0,2021-04-01 19:36:39.000,0.4.0,,136.0,5.0,8.0,3.0,11.0,https://pypi.org/project/jupyterlab-interactive-dashboard-editor,2021-04-01 19:36:39.000,,74.0,https://anaconda.org/conda-forge/jupyterlab-interactive-dashboard-editor,2025-01-12 15:06:06.521,2667.0,3.0,jupyterlab-interactive-dashboard-editor,https://www.npmjs.com/package/jupyterlab-interactive-dashboard-editor,2021-01-27 19:15:26.231,5.0,5.0,,,,,,,,,,,,,,,,,,
212,ipyexperiments,"Automatic GPU+CPU memory profiling, re-use and memory leaks detection using jupyter/ipython experiment containers.",https://github.com/stas00/ipyexperiments,,notebook-tools,16,False,ipyexperiments,stas00/ipyexperiments,,https://github.com/stas00/ipyexperiments,Apache-2.0,2018-11-15 01:19:40.000,2023-12-15 03:22:24.000000,2023-12-15 03:22:22,207.0,,14.0,9.0,2.0,,5.0,213.0,2023-12-15 03:21:06.000,0.1.29,,211.0,25.0,12.0,10.0,3.0,https://pypi.org/project/ipyexperiments,2023-12-15 03:21:06.000,2.0,211.0,,,,3.0,,,,,,,,,,,,,,,,,,,,,,,
213,Collapsible Headings,Implements Collapsible Headers for Jupyter Lab Notebooks.,https://github.com/aquirdTurtle/Collapsible_Headings,,lab-extensions,16,False,aquirdturtle-collapsible-headings,aquirdTurtle/Collapsible_Headings,,https://github.com/aquirdTurtle/Collapsible_Headings,BSD-3-Clause,2019-07-29 01:45:30.000,2023-01-04 21:56:45.000000,2021-05-22 01:41:35,98.0,,8.0,7.0,29.0,12.0,22.0,184.0,2021-05-22 01:50:04.000,3.1.0,,1399.0,18.0,7.0,,6.0,https://pypi.org/project/aquirdturtle-collapsible-headings,2021-05-22 01:50:04.000,5.0,1325.0,,,,3.0,@aquirdturtle/collapsible_headings,https://www.npmjs.com/package/@aquirdturtle/collapsible_headings,2021-01-11 04:19:41.041,2.0,74.0,,,,,,,,,,,,,,,,,,
214,xeus-sqlite,Jupyter kernel for SQLite.,https://github.com/jupyter-xeus/xeus-sqlite,,kernels,16,True,,jupyter-xeus/xeus-sqlite,conda-forge/xeus-sqlite,https://github.com/jupyter-xeus/xeus-sqlite,BSD-3-Clause,2020-03-11 11:24:36.000,2025-03-06 13:25:23.175000,2024-12-16 15:11:25,316.0,6.0,26.0,7.0,98.0,17.0,31.0,170.0,,,,1054.0,12.0,,,14.0,,,,,https://anaconda.org/conda-forge/xeus-sqlite,2025-03-06 13:25:23.175,60093.0,3.0,,,,,,,,,,,,,,,,,,,,,,,
215,igv.js widget,Extension for Jupyter which integrates igv.js.,https://github.com/g2nb/igv-jupyter,,widgets,16,False,igv-jupyter,igvteam/igv-jupyter,,https://github.com/g2nb/igv-jupyter,MIT,2016-07-21 18:44:38.000,2023-01-03 21:53:51.000000,2023-01-03 21:53:51,140.0,,15.0,14.0,8.0,2.0,41.0,154.0,2022-06-14 16:29:11.000,2.0.1,,388.0,10.0,22.0,20.0,5.0,https://pypi.org/project/igv-jupyter,2022-06-14 16:29:11.000,2.0,388.0,,,,3.0,,,,,,,,,,,,g2nb/igv-jupyter,,,,,,,,,,,
216,SQLCell,"SQLCell is a magic function for the Jupyter Notebook that executes raw, parallel, parameterized SQL queries with the..",https://github.com/tmthyjames/SQLCell,,magic,16,False,sqlcell,tmthyjames/SQLCell,,https://github.com/tmthyjames/SQLCell,MIT,2016-08-15 01:54:46.000,2022-08-23 17:53:50.000000,2020-10-06 02:14:24,310.0,,11.0,10.0,51.0,65.0,24.0,151.0,2019-05-19 02:21:20.000,0.2.0,,171.0,15.0,5.0,4.0,14.0,https://pypi.org/project/sqlcell,2019-05-20 11:16:28.000,1.0,171.0,,,,3.0,,,,,,,,,,,,,,,,,,,,,,,
217,JupyterLab HDF5,"Open and explore HDF5 files in JupyterLab. Can handle very large (TB) sized files, and datasets of any dimensionality.",https://github.com/jupyterlab/jupyterlab-hdf5,,lab-extensions,16,False,jupyterlab_hdf,jupyterlab/jupyterlab-hdf5,,https://github.com/jupyterlab/jupyterlab-hdf5,BSD-3-Clause,2018-10-02 18:20:20.000,2023-10-11 06:47:49.000000,2023-10-11 06:47:48,367.0,,27.0,16.0,98.0,17.0,36.0,115.0,2023-03-08 10:22:18.488,1.3.0,,521.0,15.0,9.0,3.0,9.0,https://pypi.org/project/jupyterlab_hdf,2022-02-21 09:56:23.000,1.0,443.0,,,,3.0,@jupyterlab/hdf5,https://www.npmjs.com/package/@jupyterlab/hdf5,2023-03-08 10:22:05.823,5.0,78.0,,,,,,,,,,,,,,,,,,
218,jupyterlab-flake8,Jupyterlab python linter for notebooks and text files using flake8.,https://github.com/mlshapiro/jupyterlab-flake8,,lab-extensions,16,False,jupyterlab-flake8,mlshapiro/jupyterlab-flake8,,https://github.com/mlshapiro/jupyterlab-flake8,BSD-3-Clause,2018-04-11 16:16:59.000,2021-09-16 16:01:09.000000,2021-09-16 16:01:07,108.0,,10.0,8.0,13.0,8.0,33.0,111.0,2021-09-16 15:37:05.151,0.7.1,,17782.0,21.0,6.0,3.0,5.0,https://pypi.org/project/jupyterlab-flake8,2021-09-16 15:36:42.000,1.0,17715.0,,,,3.0,jupyterlab-flake8,https://www.npmjs.com/package/jupyterlab-flake8,2021-09-16 15:37:05.151,2.0,67.0,,,,,,,,,,,,,,,,,,
219,niwidgets,Neuroimaging widgets for jupyter notebooks.,https://github.com/nipy/niwidgets,,widgets,16,False,niwidgets,nipy/niwidgets,,https://github.com/nipy/niwidgets,Apache-2.0,2017-09-11 22:20:27.000,2022-12-08 05:01:00.000000,2020-03-24 14:27:42,242.0,,33.0,10.0,53.0,25.0,17.0,85.0,2019-04-23 08:43:52.000,0.2.2,,218.0,5.0,34.0,34.0,16.0,https://pypi.org/project/niwidgets,2019-04-23 08:43:52.000,,218.0,,,,3.0,,,,,,,,,,,,,,,,,,,,,,,
220,JupyterLab Kernelspy,A Jupyter Lab extension for inspecting messages to/from a kernel.,https://github.com/jupyterlab-contrib/jupyterlab-kernelspy,,lab-extensions,16,True,jupyterlab-kernelspy,jupyterlab-contrib/jupyterlab-kernelspy,conda-forge/jupyterlab-kernelspy,https://github.com/jupyterlab-contrib/jupyterlab-kernelspy,BSD-3-Clause,2018-04-20 16:11:58.000,2025-02-20 07:11:04.000000,2025-02-20 07:11:01,166.0,2.0,12.0,7.0,87.0,5.0,11.0,85.0,2023-08-30 15:49:27.000,4.0.0,53.0,1172.0,23.0,12.0,7.0,6.0,https://pypi.org/project/jupyterlab-kernelspy,2023-08-30 15:49:23.000,,718.0,https://anaconda.org/conda-forge/jupyterlab-kernelspy,2025-01-12 15:06:12.188,17379.0,3.0,jupyterlab-kernelspy,https://www.npmjs.com/package/jupyterlab-kernelspy,2023-08-30 15:49:13.452,5.0,59.0,,,,,,,,,,,,,,,,,,
221,Wolfram Kernel,Wolfram Language kernel for Jupyter notebooks.,https://github.com/WolframResearch/WolframLanguageForJupyter,,kernels,15,False,,WolframResearch/WolframLanguageForJupyter,,https://github.com/WolframResearch/WolframLanguageForJupyter,MIT,2019-01-18 19:37:06.000,2023-12-22 00:50:25.000000,2022-02-19 09:55:04,143.0,,122.0,50.0,41.0,37.0,74.0,1079.0,,,10695.0,155.0,3.0,,,7.0,,,,,,,,3.0,,,,,,,,,,,,,,,,,,,,,,,
222,JupyterLab Vim,Vim notebook cell bindings for JupyterLab.,https://github.com/jwkvam/jupyterlab-vim,,lab-extensions,15,False,,jwkvam/jupyterlab-vim,,https://github.com/jwkvam/jupyterlab-vim,MIT,2017-12-02 21:16:38.000,2023-04-05 12:21:41.000000,2019-07-16 04:37:36,60.0,,96.0,18.0,49.0,63.0,45.0,978.0,2019-07-16 04:35:55.953,0.11.0,,69.0,14.0,5.0,3.0,8.0,,,,,,,,3.0,jupyterlab_vim,https://www.npmjs.com/package/jupyterlab_vim,2019-07-16 04:35:55.953,2.0,69.0,,,,,,,,,,,,,,,,,,
223,jupyter-notify,A Jupyter Notebook magic for browser notifications of cell completion.,https://github.com/ShopRunner/jupyter-notify,,magic,15,False,jupyternotify,ShopRunner/jupyter-notify,,https://github.com/ShopRunner/jupyter-notify,BSD-3-Clause,2017-06-01 14:08:55.000,2022-08-09 17:30:42.000000,2021-04-27 14:56:38,57.0,,38.0,72.0,26.0,13.0,12.0,580.0,2018-01-08 14:52:15.000,0.1.15,,916.0,14.0,2.0,,11.0,https://pypi.org/project/jupyternotify,2018-01-08 14:52:15.000,2.0,916.0,,,,3.0,,,,,,,,,,,,,,,,,,,,,,,
224,JupyterLab SQL,SQL GUI for JupyterLab.,https://github.com/pbugnion/jupyterlab-sql,,lab-extensions,15,False,jupyterlab_sql,pbugnion/jupyterlab-sql,,https://github.com/pbugnion/jupyterlab-sql,MIT,2019-02-01 09:37:05.000,2023-01-05 04:02:41.000000,2020-01-04 12:02:35,634.0,,52.0,13.0,92.0,57.0,37.0,421.0,2020-01-04 11:56:53.000,0.3.3,,973.0,41.0,,,2.0,https://pypi.org/project/jupyterlab_sql,2020-01-04 11:56:53.000,,973.0,,,,3.0,jupyterlab-sql,https://www.npmjs.com/package/jupyterlab-sql,2019-08-11 12:22:58.915,,,,,,,,,,,,,,,,,,,,
225,ML Hub,Multi-user development platform for machine learning teams. Simple to setup within minutes.,https://github.com/ml-tooling/ml-hub,,notebook-environments,15,False,,ml-tooling/ml-hub,,https://github.com/ml-tooling/ml-hub,Apache-2.0,2019-06-26 15:05:50.000,2021-12-23 13:12:29.000000,2021-12-23 13:12:29,220.0,,65.0,18.0,8.0,16.0,11.0,317.0,2020-02-03 15:59:07.000,1.0.0,2149.0,704.0,8.0,,,7.0,,,,,,,,3.0,,,,,,mltooling/ml-hub,https://hub.docker.com/r/mltooling/ml-hub,2020-02-18 09:26:53.302538,5.0,46397.0,,,,,,,,,,,,,
226,Jupyter DataTables,Jupyter Notebook extension leveraging pandas DataFrames by integrating DataTables and ChartJS.,https://github.com/CermakM/jupyter-datatables,,widgets,15,False,jupyter-datatables,CermakM/jupyter-datatables,,https://github.com/CermakM/jupyter-datatables,MIT,2019-03-28 20:55:12.000,2019-12-11 12:10:31.000000,2019-12-11 12:10:07,147.0,,26.0,12.0,4.0,13.0,15.0,242.0,2019-11-22 07:33:04.000,0.3.9,,2071.0,9.0,,,4.0,https://pypi.org/project/jupyter-datatables,2019-11-22 07:33:04.000,,2071.0,,,,3.0,,,,,,,,,,,,,,,,,,,,,,,
227,JupyterLab Spreadsheet,"JupyterLab plugin for viewing spreadsheets, such as Excel .xls/.xlsx workbooks and OpenOffice .ods files.",https://github.com/quigleyj97/jupyterlab-spreadsheet,,lab-renderer,15,False,,quigleyj97/jupyterlab-spreadsheet,,https://github.com/quigleyj97/jupyterlab-spreadsheet,BSD-3-Clause,2018-10-13 22:51:03.000,2023-05-06 22:45:04.000000,2022-07-18 18:08:51,129.0,,17.0,6.0,38.0,11.0,18.0,198.0,2021-07-17 23:46:41.952,0.4.1,,496.0,12.0,11.0,6.0,4.0,,,,,,,,3.0,jupyterlab-spreadsheet,https://www.npmjs.com/package/jupyterlab-spreadsheet,2021-07-17 23:46:41.952,5.0,496.0,,,,,,,,,,,,,,,,,,
228,jupyterlab-tabular-data-editor,Manipulate your tabular data responsively and effectively within JupyterLab.,https://github.com/jupytercalpoly/jupyterlab-tabular-data-editor,,lab-renderer,15,False,jupyterlab-tabular-data-editor,jupytercalpoly/jupyterlab-tabular-data-editor,,https://github.com/jupytercalpoly/jupyterlab-tabular-data-editor,BSD-3-Clause,2020-06-17 20:38:15.000,2021-03-24 19:57:48.307000,2021-03-24 19:48:15,225.0,,18.0,7.0,189.0,32.0,103.0,135.0,2021-03-24 19:57:48.307,1.0.0,,612.0,16.0,8.0,3.0,6.0,https://pypi.org/project/jupyterlab-tabular-data-editor,2021-03-24 19:56:11.000,,567.0,,,,3.0,jupyterlab-tabular-data-editor,https://www.npmjs.com/package/jupyterlab-tabular-data-editor,2021-03-24 19:57:48.307,5.0,45.0,,,,,,,,,,,,,,,,,,
229,JupyterLab Flake8,A jupyterlab extension to email notebooks directly from JupyterLab.,https://github.com/timkpaine/jupyterlab_email,,lab-extensions,15,True,jupyterlab-email,timkpaine/jupyterlab_email,,https://github.com/timkpaine/jupyterlab_email,Apache-2.0,2018-08-07 14:14:40.000,2025-02-20 14:00:14.000000,2025-02-20 14:00:09,266.0,4.0,10.0,3.0,70.0,2.0,36.0,106.0,2023-08-17 16:44:39.000,0.3.1,,332.0,21.0,4.0,2.0,2.0,https://pypi.org/project/jupyterlab-email,2023-08-17 14:42:10.000,,265.0,,,,3.0,jupyterlab-flake8,https://www.npmjs.com/package/jupyterlab-flake8,2021-09-16 15:37:05.151,2.0,67.0,,,,,,,,,,,,,,,,,,
230,JupyterLab Commenting,Commenting and annotation for JupyterLab.,https://github.com/jupyterlab/jupyterlab-commenting,,lab-extensions,15,False,jupyterlab-commenting-service,jupyterlab/jupyterlab-commenting,,https://github.com/jupyterlab/jupyterlab-commenting,BSD-3-Clause,2019-01-03 21:55:33.000,2021-02-10 20:06:33.000000,2020-05-01 11:42:37,332.0,,25.0,28.0,32.0,26.0,10.0,103.0,2020-05-01 11:39:08.310,0.3.0,,118.0,4.0,8.0,3.0,10.0,https://pypi.org/project/jupyterlab-commenting-service,2019-10-18 14:13:09.000,,91.0,,,,3.0,@jupyterlab/commenting-extension,https://www.npmjs.com/package/@jupyterlab/commenting-extension,2020-05-01 11:39:08.310,5.0,27.0,,,,,,,,,,,,,,,,,,
231,jupyterlab-sparkmonitor,JupyterLab extension that enables monitoring launched Apache Spark jobs from within a notebook.,https://github.com/itsjafer/jupyterlab-sparkmonitor,,lab-extensions,15,False,jupyterlab-sparkmonitor,itsjafer/jupyterlab-sparkmonitor,,https://github.com/itsjafer/jupyterlab-sparkmonitor,Apache-2.0,2020-03-12 20:59:01.000,2022-12-27 15:34:10.000000,2022-04-01 16:32:30,275.0,,23.0,7.0,24.0,12.0,8.0,92.0,2021-08-04 03:02:45.000,4.1.0,,429.0,15.0,8.0,3.0,10.0,https://pypi.org/project/jupyterlab-sparkmonitor,2021-08-04 03:02:45.000,,358.0,,,,3.0,jupyterlab_sparkmonitor,https://www.npmjs.com/package/jupyterlab_sparkmonitor,2020-07-29 07:52:58.288,5.0,65.0,itsjafer/sparkmonitor,https://hub.docker.com/r/itsjafer/sparkmonitor,2021-06-02 17:02:44.488613,,393.0,,,,,,,,,,,,,
232,nbzip,Zips and downloads all the contents of a jupyter notebook.,https://github.com/berkeley-dsep-infra/nbzip,,jupyter-extensions,15,False,nbzip,data-8/nbzip,,https://github.com/berkeley-dsep-infra/nbzip,Apache-2.0,2017-09-30 17:32:31.000,2019-11-22 08:47:26.000000,2019-11-22 08:47:25,43.0,,18.0,8.0,12.0,9.0,5.0,91.0,2018-08-10 16:52:09.000,0.1.0,,34074.0,4.0,3.0,,6.0,https://pypi.org/project/nbzip,2018-08-10 16:52:09.000,3.0,34074.0,,,,3.0,,,,,,,,,,,,berkeley-dsep-infra/nbzip,,,,,,,,,,,
233,JupyterLab Quickopen,Quickly open a file in JupyterLab by typing part of its name.,https://github.com/jupyterlab-contrib/jupyterlab-quickopen,,lab-extensions,15,True,jupyterlab-quickopen,parente/jupyterlab-quickopen,,https://github.com/jupyterlab-contrib/jupyterlab-quickopen,BSD-3-Clause,2018-12-04 01:00:58.000,2024-12-16 20:46:16.000000,2024-12-08 11:31:20,74.0,2.0,15.0,4.0,55.0,6.0,7.0,84.0,2024-10-21 07:29:58.000,2.0.2,43.0,1133.0,12.0,31.0,26.0,8.0,https://pypi.org/project/jupyterlab-quickopen,2024-10-21 07:29:51.000,,1128.0,,,,3.0,@parente/jupyterlab-quickopen,https://www.npmjs.com/package/@parente/jupyterlab-quickopen,2020-03-20 12:56:10.580,5.0,5.0,,,,,,,jupyterlab-contrib/jupyterlab-quickopen,,,,,,,,,,,
234,Content Management,Jupyter Content Management Extensions.,https://github.com/jupyter-incubator/contentmanagement,,jupyter-extensions,15,False,jupyter_cms,jupyter-incubator/contentmanagement,conda-forge/jupyter_cms,https://github.com/jupyter-incubator/contentmanagement,BSD-3-Clause,2015-09-21 15:41:02.000,2023-10-06 09:59:54.551000,2018-06-11 01:51:34,136.0,,27.0,22.0,32.0,7.0,20.0,78.0,2017-04-05 01:49:01.000,0.7.0,,2642.0,12.0,,,8.0,https://pypi.org/project/jupyter_cms,2017-04-05 01:49:01.000,,279.0,https://anaconda.org/conda-forge/jupyter_cms,2023-10-06 09:59:54.551,132348.0,3.0,,,,,,,,,,,,,,,,,,,,,,,
235,PPExtensions,Set of iPython and Jupyter extensions to improve user experience.,https://github.com/paypal/PPExtensions,,jupyter-extensions,15,False,ppextensions,paypal/PPExtensions,,https://github.com/paypal/PPExtensions,BSD-3-Clause,2018-08-17 20:07:23.000,2019-11-22 13:46:43.000000,2018-12-07 00:05:33,32.0,,31.0,20.0,30.0,20.0,22.0,50.0,2019-08-02 20:26:21.257,0.0.6,,213.0,6.0,3.0,3.0,9.0,https://pypi.org/project/ppextensions,2018-08-23 23:53:16.000,,213.0,,,,3.0,,,,,,,,,,,,,,,,,,,,,,,
236,FargateSpawner,Spawns JupyterHub single user servers in Docker containers running in AWS Fargate.,https://github.com/uktrade/fargatespawner,,hub-spawners,15,True,fargatespawner,uktrade/fargatespawner,,https://github.com/uktrade/fargatespawner,MIT,2018-09-12 14:06:22.000,2024-09-30 09:17:01.000000,2024-09-30 09:16:19,61.0,,23.0,13.0,14.0,8.0,5.0,47.0,2020-06-28 13:26:26.000,0.0.25,,1371.0,25.0,6.0,6.0,4.0,https://pypi.org/project/fargatespawner,2020-06-28 13:26:26.000,,1371.0,,,,3.0,,,,,,,,,,,,,,,,,,,,,,,
237,Kernel Management,Experimental new kernel management framework for Jupyter.,https://github.com/takluyver/jupyter_kernel_mgmt,,notebook-tools,15,False,jupyter-kernel-mgmt,takluyver/jupyter_kernel_mgmt,,https://github.com/takluyver/jupyter_kernel_mgmt,BSD-3-Clause,2018-04-01 20:06:08.000,2020-08-27 01:11:14.000000,2020-01-29 22:31:34,1783.0,,8.0,9.0,23.0,11.0,14.0,15.0,2020-01-15 19:12:57.000,0.5.1,30.0,300.0,7.0,4.0,,74.0,https://pypi.org/project/jupyter-kernel-mgmt,2019-12-07 18:06:15.000,4.0,300.0,,,,3.0,,,,,,,,,,,,,,,,,,,,,,,
238,lgo,Interactive Go programming with Jupyter.,https://github.com/yunabe/lgo,,kernels,14,False,,yunabe/lgo,,https://github.com/yunabe/lgo,BSD-3-Clause,2017-10-05 15:29:10.000,2020-11-20 07:01:33.000000,2019-07-09 12:59:17,169.0,,123.0,47.0,16.0,23.0,55.0,2445.0,,,,,,,,9.0,,,,,,,,3.0,,,,,,,,,,,,,,,,,,,,,,,
239,StickyLand,Break the linear presentation of Jupyter Notebooks with sticky cells!.,https://github.com/xiaohk/stickyland,,lab-extensions,14,False,jupyterlab-stickyland,xiaohk/stickyland,,https://github.com/xiaohk/stickyland,BSD-3-Clause,2021-11-02 15:25:33.000,2023-12-24 03:19:25.000000,2023-12-24 03:18:30,135.0,,40.0,10.0,3.0,3.0,13.0,564.0,2023-12-24 03:28:31.000,0.2.4,23.0,314.0,10.0,3.0,,2.0,https://pypi.org/project/jupyterlab-stickyland,2023-12-24 03:19:14.000,1.0,310.0,,,,3.0,jupyterlab-stickyland,https://www.npmjs.com/package/jupyterlab-stickyland,2021-11-23 04:23:59.372,2.0,4.0,,,,,,,,,,,,,,,,,,
240,nbgather,Spit shine for Jupyter notebooks.,https://github.com/microsoft/gather,,lab-extensions,14,False,,microsoft/gather,,https://github.com/microsoft/gather,MIT,2018-10-08 23:32:10.000,2023-10-03 23:29:38.000000,2022-11-28 19:10:54,345.0,,38.0,12.0,49.0,37.0,18.0,533.0,2020-02-06 15:50:53.838,0.6.1,,7.0,9.0,6.0,3.0,13.0,,,,,,,,3.0,nbgather,https://www.npmjs.com/package/nbgather,2020-02-06 15:50:53.838,3.0,7.0,,,,,,,,,,,,,,,,,,
241,IElixir,Jupyters kernel for Elixir programming language.,https://github.com/pprzetacznik/IElixir,,kernels,14,True,,pprzetacznik/IElixir,,https://github.com/pprzetacznik/IElixir,Apache-2.0,2015-07-06 11:39:08.000,2024-05-26 13:38:10.664620,2024-05-26 13:21:05,293.0,,44.0,13.0,36.0,12.0,20.0,364.0,2024-03-28 23:58:27.000,1.0.1,,10.0,9.0,5.0,,20.0,,,,,,,,3.0,jupyterlab-ielixir,https://www.npmjs.com/package/jupyterlab-ielixir,2021-05-11 21:22:51.418,5.0,7.0,pprzetacznik/ielixir,https://hub.docker.com/r/pprzetacznik/ielixir,2024-05-26 13:38:10.664620,1.0,405.0,,,,,,,,,,,ielixir,,
242,JupyterLab Go-To-Definition,Navigate to variables definition with a click in JupyterLab (or with a few key strokes).,https://github.com/krassowski/jupyterlab-go-to-definition,,lab-extensions,14,False,,krassowski/jupyterlab-go-to-definition,,https://github.com/krassowski/jupyterlab-go-to-definition,BSD-3-Clause,2018-12-22 01:18:42.000,2021-08-23 19:48:16.000000,2021-07-28 12:06:05,89.0,,10.0,8.0,4.0,11.0,13.0,228.0,2020-03-14 15:54:46.503,1.0.0,,370.0,19.0,26.0,17.0,2.0,,,,,,,,3.0,@krassowski/jupyterlab_go_to_definition,https://www.npmjs.com/package/@krassowski/jupyterlab_go_to_definition,2020-03-14 15:54:46.503,9.0,370.0,,,,,,,,,,,,,,,,,,
243,JupyterLab Chart Editor,JupyterLab extension for Plotlys react-chart-editor.,https://github.com/plotly/jupyterlab-chart-editor,,lab-renderer,14,False,,plotly/jupyterlab-chart-editor,,https://github.com/plotly/jupyterlab-chart-editor,BSD-3-Clause,2018-01-23 18:18:38.000,2023-01-06 19:12:21.000000,,,,26.0,,,22.0,,224.0,2021-03-10 20:56:44.112,4.14.3,,171.0,12.0,5.0,,5.0,,,,,,,,3.0,jupyterlab-chart-editor,https://www.npmjs.com/package/jupyterlab-chart-editor,2021-03-10 20:56:44.112,5.0,171.0,,,,,,,,,,,,,,,,,,
244,Material Darker Theme,The Material Darker theme for JupyterLab.,https://github.com/oriolmirosa/jupyterlab_materialdarker,,lab-themes,14,True,jupyterlab-materialdarker,oriolmirosa/jupyterlab_materialdarker,,https://github.com/oriolmirosa/jupyterlab_materialdarker,BSD-3-Clause,2018-03-07 23:24:13.000,2025-01-27 15:39:05.000000,2025-01-27 15:39:02,54.0,2.0,18.0,8.0,14.0,6.0,15.0,163.0,2025-01-27 03:21:24.000,0.7.1,,805.0,21.0,5.0,,2.0,https://pypi.org/project/jupyterlab-materialdarker,2025-01-27 03:21:24.000,,730.0,,,,2.0,@oriolmirosa/jupyterlab_materialdarker,https://www.npmjs.com/package/@oriolmirosa/jupyterlab_materialdarker,2022-12-16 18:26:12.391,5.0,75.0,,,,,,,,,,,,,,,,,,
245,allthekernels,A multiplexer kernel for Jupyter.,https://github.com/minrk/allthekernels,,kernels,14,False,allthekernels,minrk/allthekernels,conda-forge/allthekernels,https://github.com/minrk/allthekernels,MIT,2016-03-15 15:30:49.000,2023-06-16 16:16:46.289000,2022-08-22 11:55:16,54.0,,15.0,11.0,12.0,3.0,9.0,77.0,2022-08-22 11:55:23.558,1.2.0,,564.0,6.0,10.0,10.0,9.0,https://pypi.org/project/allthekernels,2022-08-22 11:55:23.558,,433.0,https://anaconda.org/conda-forge/allthekernels,2023-06-16 16:16:46.289,8791.0,3.0,,,,,,,,,,,,,,,,,,,,,,,
246,SSH Kernel,SSH Kernel for Jupyter.,https://github.com/NII-cloud-operation/sshkernel,,kernels,14,False,sshkernel,NII-cloud-operation/sshkernel,,https://github.com/NII-cloud-operation/sshkernel,BSD-3-Clause,2019-02-12 02:46:14.000,2021-11-04 09:42:14.000000,2021-11-04 09:33:21,398.0,,13.0,4.0,20.0,3.0,7.0,74.0,2021-11-04 09:42:14.000,0.11.1,,318.0,15.0,9.0,9.0,4.0,https://pypi.org/project/sshkernel,2021-11-04 09:42:14.000,,318.0,,,,3.0,,,,,,,,,,,,,,,,,,,,,,,
247,jupyterlab_commands,Add arbitrary python commands to the jupyterlab command palette.,https://github.com/timkpaine/jupyterlab_commands,,lab-extensions,14,True,jupyterlab-commands,timkpaine/jupyterlab_commands,conda-forge/jupyterlab_commands,https://github.com/timkpaine/jupyterlab_commands,Apache-2.0,2018-08-01 15:55:08.000,2025-02-20 13:26:56.000000,2025-02-20 13:26:53,296.0,4.0,6.0,4.0,88.0,1.0,23.0,61.0,2023-07-12 22:35:00.619,0.4.0,,603.0,14.0,,,2.0,https://pypi.org/project/jupyterlab-commands,2023-07-12 22:35:00.619,,309.0,https://anaconda.org/conda-forge/jupyterlab_commands,2025-01-05 22:17:45.597,16773.0,3.0,,,,,,,,,,,,,,,,,,,,,,,
248,JupyterLab Email,A jupyterlab extension to email notebooks directly from JupyterLab.,https://github.com/timkpaine/jupyterlab_email,,lab-extensions,14,True,jupyterlab_email,timkpaine/jupyterlab_email,,https://github.com/timkpaine/jupyterlab_email,Apache-2.0,2018-08-07 14:14:40.000,2025-02-20 14:00:14.000000,2025-02-20 14:00:09,266.0,4.0,2.0,3.0,70.0,2.0,36.0,60.0,2023-08-17 16:44:39.000,0.3.1,,269.0,18.0,7.0,2.0,2.0,https://pypi.org/project/jupyterlab_email,2023-08-17 14:42:10.000,,265.0,,,,3.0,jupyterlab_email,https://www.npmjs.com/package/jupyterlab_email,2023-08-17 14:43:10.426,5.0,4.0,,,,,,,,,,,,,,,,,,
249,ipyaggrid,Jupyter widget - ag-grid in the notebook.,https://github.com/DGothrek/ipyaggrid,,widgets,14,False,ipyaggrid,DGothrek/ipyaggrid,,https://github.com/DGothrek/ipyaggrid,MIT,2019-05-06 04:24:26.000,2024-04-29 14:38:21.483000,2019-05-06 04:27:05,47.0,,15.0,1.0,,6.0,,57.0,2024-04-29 14:38:21.483,0.5.4,,12457.0,50.0,21.0,,2.0,https://pypi.org/project/ipyaggrid,2024-04-29 14:38:13.000,21.0,12049.0,,,,3.0,ipyaggrid,https://www.npmjs.com/package/ipyaggrid,2024-04-29 14:38:21.483,,408.0,,,,,,,,,,,,,,,,,,
250,JupyterLab Python Files,JupyterLab extension to create Python files.,https://github.com/jtpio/jupyterlab-python-file,,lab-extensions,14,False,jupyterlab-python-file,jtpio/jupyterlab-python-file,conda-forge/jupyterlab-python-file,https://github.com/jtpio/jupyterlab-python-file,BSD-3-Clause,2018-10-17 22:21:21.000,2025-02-03 07:49:32.000000,2021-08-27 11:18:51,92.0,,13.0,3.0,41.0,2.0,8.0,51.0,2021-06-23 21:13:28.000,0.5.5,138.0,821.0,10.0,8.0,3.0,4.0,https://pypi.org/project/jupyterlab-python-file,2021-06-23 21:13:27.000,,347.0,https://anaconda.org/conda-forge/jupyterlab-python-file,2023-06-16 19:22:55.197,15748.0,3.0,jupyterlab-python-file,https://www.npmjs.com/package/jupyterlab-python-file,2021-06-23 21:13:24.676,5.0,175.0,,,,,,,,,,,,,,,,,,
251,KnowledgeLab,KnowledgeRepo + JupyterLab.,https://github.com/tkp-archive/knowledgelab,,lab-extensions,14,True,knowledgelab,timkpaine/knowledgelab,,https://github.com/tkp-archive/knowledgelab,Apache-2.0,2017-10-18 01:10:58.000,2024-11-18 13:57:18.000000,2024-11-18 13:57:16,187.0,,6.0,9.0,53.0,5.0,24.0,48.0,2018-10-16 21:43:49.317,0.0.6,,32.0,5.0,8.0,6.0,3.0,https://pypi.org/project/knowledgelab,2017-10-19 21:16:50.000,,27.0,,,,3.0,knowledgelab,https://www.npmjs.com/package/knowledgelab,2018-10-16 21:43:49.317,2.0,5.0,,,,,,,tkp-archive/knowledgelab,,,,,,,,,,,
252,pidgy,Interactive computing in Markdown.,https://github.com/deathbeds/pidgy,,kernels,14,False,pidgy,deathbeds/pidgy,,https://github.com/deathbeds/pidgy,BSD-3-Clause,2018-02-26 20:44:05.000,2023-03-03 03:07:52.000000,2023-02-23 20:39:47,359.0,,7.0,5.0,55.0,9.0,12.0,44.0,2023-04-20 18:39:03.604,2023.4.20,6.0,329.0,14.0,3.0,3.0,3.0,https://pypi.org/project/pidgy,2021-11-27 00:19:00.000,,329.0,,,,3.0,,,,,,,,,,,,,,,,,,,,,,,
253,jupyter-nbrequirements,Dependency management and optimization in Jupyter Notebooks.,https://github.com/thoth-station/jupyter-nbrequirements,,jupyter-extensions,14,False,jupyter-nbrequirements,thoth-station/jupyter-nbrequirements,,https://github.com/thoth-station/jupyter-nbrequirements,MIT,2019-06-25 06:48:06.000,2023-05-29 09:18:17.000000,2023-05-29 09:18:17,354.0,,6.0,6.0,311.0,12.0,32.0,21.0,2020-04-22 09:38:54.000,0.7.3,,920.0,15.0,1.0,,13.0,https://pypi.org/project/jupyter-nbrequirements,2020-04-22 09:38:54.000,1.0,920.0,,,,3.0,,,,,,,,,,,,,,,,,,,,,,,
254,JupyterLab Top Bar,JupyterLab Top Bar extension.,https://github.com/jtpio/jupyterlab-topbar,,lab-extensions,14,False,,jtpio/jupyterlab-topbar,,https://github.com/jtpio/jupyterlab-topbar,BSD-3-Clause,2021-05-31 16:53:55.000,2024-02-23 12:48:27.000000,2024-02-21 15:26:06,243.0,,3.0,1.0,,,,6.0,2020-10-30 20:22:49.425,0.6.0,,595.0,13.0,47.0,42.0,5.0,,,,,,,,3.0,jupyterlab-topbar-extension,https://www.npmjs.com/package/jupyterlab-topbar-extension,2020-10-30 20:22:49.425,5.0,595.0,,,,,,,,,,,,,,,,,,
255,JupyterLab Voyager,JupyterLab extension visualize data with Voyager.,https://github.com/altair-viz/jupyterlab_voyager,,lab-renderer,13,False,,altair-viz/jupyterlab_voyager,,https://github.com/altair-viz/jupyterlab_voyager,BSD-3-Clause,2017-08-26 15:50:13.000,2022-12-06 19:48:00.000000,2019-08-14 17:21:34,87.0,,35.0,20.0,48.0,63.0,20.0,302.0,2019-08-14 17:26:02.030,1.0.2,,13.0,5.0,5.0,3.0,6.0,,,,,,,,3.0,jupyterlab_voyager,https://www.npmjs.com/package/jupyterlab_voyager,2019-08-14 17:26:02.030,2.0,13.0,,,,,,,,,,,,,,,,,,
256,Neon Theme,"A flat, 80s neon inspired theme for JupyterLab.",https://github.com/yeebc/jupyterlab-neon-theme,,lab-themes,13,False,,yeebc/jupyterlab-neon-theme,,https://github.com/yeebc/jupyterlab-neon-theme,BSD-3-Clause,2019-09-27 14:29:10.000,2023-03-14 15:24:31.000000,2022-08-28 15:36:59,45.0,,11.0,5.0,22.0,2.0,11.0,157.0,2021-03-07 04:41:55.473,3.1.0,,100.0,20.0,6.0,4.0,4.0,,,,,,,,2.0,@yeebc/jupyterlab_neon_theme,https://www.npmjs.com/package/@yeebc/jupyterlab_neon_theme,2021-03-07 04:41:55.473,2.0,100.0,,,,,,,,,,,,,,,,,,
257,ipymaterialui,Jupyter Widgets based on React Material UI components.,https://github.com/maartenbreddels/ipymaterialui,,widgets,13,False,ipymaterialui,maartenbreddels/ipymaterialui,,https://github.com/maartenbreddels/ipymaterialui,MIT,2018-11-23 18:33:20.000,2022-12-30 02:57:55.000000,2019-10-29 13:53:37,74.0,,14.0,10.0,32.0,7.0,3.0,86.0,2019-10-29 13:57:12.560,0.1.4,,105.0,6.0,11.0,8.0,3.0,https://pypi.org/project/ipymaterialui,2019-10-29 13:56:17.000,1.0,101.0,,,,3.0,jupyter-materialui,https://www.npmjs.com/package/jupyter-materialui,2019-10-29 13:57:12.560,2.0,4.0,,,,,,,,,,,,,,,,,,
258,WrapSpawner,Mechanism for runtime configuration of spawners for JupyterHub.,https://github.com/jupyterhub/wrapspawner,,hub-spawners,13,True,,jupyterhub/wrapspawner,,https://github.com/jupyterhub/wrapspawner,BSD-3-Clause,2016-09-21 21:48:31.000,2024-04-09 11:45:46.000000,2024-04-08 13:35:40,47.0,,59.0,10.0,30.0,22.0,16.0,60.0,2022-03-02 16:00:43.000,1.0.1,,,2.0,24.0,24.0,19.0,,,,,,,,3.0,,,,,,,,,,,,,,,,,,,,,,,
259,JWT Authenticator,A Token Authenticator for JupyterHub.,https://github.com/mogthesprog/jwtauthenticator,,hub-auth,13,False,jupyterhub-jwtauthenticator,mogthesprog/jwtauthenticator,,https://github.com/mogthesprog/jwtauthenticator,Apache-2.0,2017-06-21 20:09:58.000,2021-04-15 07:40:37.000000,2019-02-13 10:57:15,24.0,,44.0,7.0,14.0,10.0,8.0,54.0,,,,194.0,1.0,24.0,21.0,7.0,https://pypi.org/project/jupyterhub-jwtauthenticator,2018-01-25 07:43:22.000,3.0,194.0,,,,3.0,,,,,,,,,,,,,,,,,,,,,,,
260,JupyterLab Shortcutui,A JupyterLab extension for managing keyboard shortcuts.,https://github.com/jupyterlab/jupyterlab-shortcutui,,lab-extensions,13,False,,jupyterlab/jupyterlab-shortcutui,,https://github.com/jupyterlab/jupyterlab-shortcutui,BSD-3-Clause,2018-06-18 22:07:19.000,2023-08-08 06:52:04.000000,2023-08-08 06:52:04,192.0,,15.0,5.0,50.0,,14.0,54.0,2019-09-05 11:54:07.000,0.4.0,,133.0,11.0,8.0,3.0,9.0,,,,,,,,3.0,@jupyterlab/shortcutui,https://www.npmjs.com/package/@jupyterlab/shortcutui,2020-01-17 14:43:21.930,5.0,133.0,,,,,,,,,,,,,,,,,,
261,Remote User Auth,REMOTE_USER authenticator for Jupyterhub.,https://github.com/cwaldbieser/jhub_remote_user_authenticator,,hub-auth,13,False,jhub_remote_user_authenticator,cwaldbieser/jhub_remote_user_authenticator,,https://github.com/cwaldbieser/jhub_remote_user_authenticator,GPL-3.0,2015-11-04 03:17:18.000,2022-03-31 20:04:45.000000,2019-04-16 20:10:44,27.0,,27.0,4.0,7.0,9.0,11.0,41.0,2018-09-27 22:26:32.000,0.1.0,,1238.0,3.0,2.0,,5.0,https://pypi.org/project/jhub_remote_user_authenticator,2018-09-27 22:26:32.000,2.0,1238.0,,,,3.0,,,,,,,,,,,,,,,,,,,,,,,
262,perfume,Interactive performance benchmarking in Jupyter.,https://github.com/leifwalsh/perfume,,widgets,13,True,perfume-bench,leifwalsh/perfume,,https://github.com/leifwalsh/perfume,BSD-3-Clause,2017-07-10 14:34:03.000,2024-12-02 17:25:16.000000,2024-03-16 02:07:30,197.0,,3.0,3.0,341.0,3.0,4.0,33.0,2018-05-20 05:11:04.000,0.1.6,,177.0,7.0,2.0,2.0,3.0,https://pypi.org/project/perfume-bench,2018-05-20 05:11:04.000,,177.0,,,,3.0,,,,,,,,,,,,,,,,,,,,,,,
263,nbstata,A Jupyter kernel for Stata built on pystata.,https://github.com/hugetim/nbstata,,kernels,13,True,nbstata,hugetim/nbstata,,https://github.com/hugetim/nbstata,GPL-3.0,2022-11-09 20:52:11.000,2024-11-05 20:42:28.000000,2024-11-05 20:41:18,371.0,,4.0,4.0,,10.0,31.0,31.0,2024-10-29 00:39:23.000,0.8.2,,997.0,45.0,,,1.0,https://pypi.org/project/nbstata,2024-10-29 00:35:20.000,,997.0,,,,3.0,,,,,,,,,,,,,,,,,,,,,,https://hugetim.github.io/nbstata/,
264,dummyauthenticator,A Dummy JupyterHub Authenticator to make testing easy.,https://github.com/jupyterhub/dummyauthenticator,,hub-auth,13,False,jupyterhub-dummyauthenticator,jupyterhub/dummyauthenticator,,https://github.com/jupyterhub/dummyauthenticator,BSD-3-Clause,2016-02-14 21:57:32.000,2021-02-12 08:19:02.000000,2021-02-12 08:19:00,7.0,,15.0,5.0,2.0,5.0,2.0,29.0,2017-04-29 22:45:46.000,0.3.1,,2518.0,4.0,129.0,125.0,1.0,https://pypi.org/project/jupyterhub-dummyauthenticator,2017-04-29 22:45:46.000,4.0,2518.0,,,,3.0,,,,,,,,,,,,,,,,,,,,,,,
265,remote_ikernel,"All your Jupyter kernels, on all your machines, in one place.",https://github.com/tdaff/remote_ikernel,,kernels,13,False,remote_ikernel,tdaff/remote_ikernel,,https://github.com/tdaff/remote_ikernel,BSD-2-Clause,2017-07-11 14:29:42.000,2024-08-02 07:07:57.000000,2020-11-08 22:02:16,78.0,,13.0,2.0,5.0,11.0,18.0,18.0,2021-12-15 16:24:07.577,0.2.5,,32271.0,19.0,3.0,,7.0,https://pypi.org/project/remote_ikernel,2021-12-15 16:24:07.577,3.0,32271.0,,,,3.0,,,,,,,,,,,,,,,,,,,,,,,tdaff/remote_ikernel
266,Null Authenticator,Null Authenticator for JupyterHub instances that should have no login mechanism.,https://github.com/jupyterhub/nullauthenticator,,hub-auth,13,False,nullauthenticator,jupyterhub/nullauthenticator,,https://github.com/jupyterhub/nullauthenticator,BSD-3-Clause,2017-08-30 09:12:22.000,2022-12-07 12:48:52.000000,2022-05-17 12:31:29,20.0,,11.0,6.0,5.0,1.0,,9.0,2017-08-30 13:12:25.000,1.0.0,,2522.0,1.0,127.0,125.0,7.0,https://pypi.org/project/nullauthenticator,2017-08-30 13:12:25.000,2.0,2522.0,,,,3.0,,,,,,,,,,,,,,,,,,,,,,,
267,pigeon,Quickly annotate data from the comfort of your Jupyter notebook.,https://github.com/agermanidis/pigeon,,widgets,12,False,pigeon-jupyter,agermanidis/pigeon,,https://github.com/agermanidis/pigeon,Apache-2.0,2017-09-05 00:04:14.000,2024-04-04 08:55:11.000000,2017-09-05 17:22:02,2.0,,121.0,11.0,7.0,14.0,,779.0,2017-09-05 01:20:43.000,0.1.0,,229.0,1.0,33.0,33.0,1.0,https://pypi.org/project/pigeon-jupyter,2017-09-05 01:20:43.000,,229.0,,,,3.0,,,,,,,,,,,,,,,,,,,,,,,
268,jupyter-manim,manim cell magic for IPython/Jupyter to show the output video.,https://github.com/krassowski/jupyter-manim,,magic,12,False,jupyter-manim,krassowski/jupyter-manim,,https://github.com/krassowski/jupyter-manim,MIT,2019-05-22 14:18:39.000,2022-01-02 21:32:22.000000,2022-01-02 21:32:22,42.0,,11.0,14.0,9.0,7.0,19.0,196.0,2020-04-12 11:15:09.000,1.3,,270.0,6.0,,,5.0,https://pypi.org/project/jupyter-manim,2020-04-12 11:15:32.000,,270.0,,,,3.0,,,,,,,,,,,,,,,,,,,,,,,
269,jupyterlab_darkside_ui,Darkside ui and syntax theme for jupyterlab.,https://github.com/dunovank/jupyterlab_darkside_ui,,lab-themes,12,False,jupyterlab_darkside_ui,dunovank/jupyterlab_darkside_ui,,https://github.com/dunovank/jupyterlab_darkside_ui,BSD-3-Clause,2021-04-22 15:57:16.000,2023-09-18 22:19:00.000000,2023-09-18 22:14:14,34.0,,10.0,4.0,6.0,1.0,5.0,119.0,2022-03-18 17:41:32.000,0.2.3,,413.0,12.0,,,6.0,https://pypi.org/project/jupyterlab_darkside_ui,2022-03-18 17:41:32.000,,413.0,,,,2.0,,,,,,,,,,,,,,,,,,,,,,,
270,jupyterlab-gitplus,JupyterLab extension to create GitHub commits & pull requests.,https://github.com/ReviewNB/jupyterlab-gitplus,,lab-extensions,12,True,jupyterlab_gitplus,ReviewNB/jupyterlab-gitplus,,https://github.com/ReviewNB/jupyterlab-gitplus,AGPL-3.0,2020-03-05 13:43:58.000,2024-06-25 09:23:44.000000,2024-06-25 09:17:03,120.0,,13.0,5.0,15.0,10.0,9.0,117.0,2024-06-25 09:23:44.000,0.3.4,,347.0,19.0,8.0,3.0,3.0,https://pypi.org/project/jupyterlab_gitplus,2024-06-25 09:23:44.000,,337.0,,,,3.0,@reviewnb/jupyterlab_gitplus,https://www.npmjs.com/package/@reviewnb/jupyterlab_gitplus,2023-02-28 12:20:56.470,5.0,10.0,,,,,,,,,,,,,,,,,,
271,jupyterlite,Wasm powered Jupyter running in the browser.,https://github.com/jtpio/jupyterlite,,notebook-environments,12,True,,jtpio/jupyterlite,,https://github.com/jtpio/jupyterlite,BSD-3-Clause,2021-07-08 07:21:45.000,2025-03-06 08:04:06.000000,2025-03-06 07:58:35,2778.0,39.0,7.0,1.0,11.0,,,109.0,,,,,,,,71.0,,,,,,,,3.0,,,,,,,,,,,,,,,,,,,,,,,
272,Horizon Theme,VSCode Horizon Theme port for JupyterLab.,https://github.com/mohirio/jupyterlab-horizon-theme,,lab-themes,12,False,jupyterlab-horizon-theme,mohirio/jupyterlab-horizon-theme,,https://github.com/mohirio/jupyterlab-horizon-theme,BSD-3-Clause,2019-06-07 08:46:59.000,2024-04-11 13:05:14.000000,2023-11-22 19:40:53,62.0,,9.0,1.0,17.0,1.0,8.0,96.0,2023-11-22 19:41:10.000,4.0.2,74.0,786.0,17.0,5.0,3.0,3.0,https://pypi.org/project/jupyterlab-horizon-theme,2023-11-22 19:41:02.000,,739.0,,,,2.0,@mohirio/jupyterlab-horizon-theme,https://www.npmjs.com/package/@mohirio/jupyterlab-horizon-theme,2023-11-22 19:41:07.437,2.0,43.0,,,,,,,,,,,,,,,,,,
273,Gruvbox Theme,Gruvbox dark theme for Jupyter Lab. Modeled on classic gruvbox color palette and jupyter-themes gruvbox theme.,https://github.com/Rahlir/theme-gruvbox,,lab-themes,12,False,,Rahlir/theme-gruvbox,,https://github.com/Rahlir/theme-gruvbox,BSD-3-Clause,2019-05-03 20:34:01.000,2020-04-12 19:23:01.000000,2020-04-12 19:22:55,44.0,,9.0,7.0,2.0,,,52.0,2019-09-22 14:06:52.149,1.1.0,,27.0,5.0,7.0,4.0,3.0,,,,,,,,2.0,@rahlir/theme-gruvbox,https://www.npmjs.com/package/@rahlir/theme-gruvbox,2019-09-22 14:06:52.149,3.0,27.0,,,,,,,,,,,,,,,,,,
274,ssh_ipykernel,A remote jupyter kernel via ssh.,https://github.com/bernhard-42/ssh_ipykernel,,kernels,12,False,ssh-ipykernel,bernhard-42/ssh_ipykernel,,https://github.com/bernhard-42/ssh_ipykernel,MIT,2019-09-01 17:43:26.000,2023-09-08 09:37:29.000000,2021-06-28 15:17:55,81.0,,5.0,4.0,24.0,3.0,,15.0,2021-06-28 15:15:13.000,1.2.3,,243.0,12.0,10.0,3.0,2.0,https://pypi.org/project/ssh-ipykernel,2021-06-28 15:15:13.000,2.0,238.0,,,,3.0,interrupt-ipykernel-extension,https://www.npmjs.com/package/interrupt-ipykernel-extension,2020-05-07 15:53:36.321,5.0,5.0,,,,,,,,,,,,,,,,,,
275,nbmake-action,GitHub Action for testing notebooks.,https://github.com/treebeardtech/nbmake-action,,notebook-tools,11,False,,treebeardtech/nbmake-action,,https://github.com/treebeardtech/nbmake-action,Apache-2.0,2020-02-06 15:49:32.000,2021-09-21 08:52:43.000000,2021-09-21 08:52:40,9.0,,8.0,9.0,41.0,,24.0,152.0,2020-12-11 15:26:11.000,0.2.1,,,5.0,,,4.0,,,,,,,,3.0,,,,,,,,,,,,,,,,,,,,,,,
276,jupyterlab-theme-solarized-dark,JupyterLab Theme Solarized Dark.,https://github.com/AllanChain/jupyterlab-theme-solarized-dark,,lab-themes,11,True,jupyterlab_theme_solarized_dark,AllanChain/jupyterlab-theme-solarized-dark,,https://github.com/AllanChain/jupyterlab-theme-solarized-dark,BSD-3-Clause,2020-04-05 12:18:48.000,2024-12-13 14:39:28.000000,2024-12-13 14:38:37,134.0,2.0,13.0,2.0,43.0,2.0,2.0,108.0,2024-01-18 12:03:37.000,3.0.1,77.0,5876.0,21.0,6.0,3.0,2.0,https://pypi.org/project/jupyterlab_theme_solarized_dark,2024-01-18 12:03:30.000,,4870.0,,,,3.0,jupyterlab-theme-solarized-dark,https://www.npmjs.com/package/jupyterlab-theme-solarized-dark,2024-01-18 12:03:28.487,3.0,1005.0,,,,,,,,,,,,,,,,,,
277,ipyp5,p5.js Jupyter Widget.,https://github.com/jtpio/ipyp5,,widgets,11,False,ipyp5,jtpio/ipyp5,,https://github.com/jtpio/ipyp5,BSD-3-Clause,2018-03-06 17:50:12.000,2023-01-04 06:51:10.000000,2020-10-16 21:38:41,60.0,,5.0,4.0,21.0,5.0,,42.0,2019-07-06 21:45:12.000,0.1.1,,124.0,2.0,3.0,3.0,2.0,https://pypi.org/project/ipyp5,2019-07-06 21:45:12.000,,124.0,,,,3.0,,,,,,,,,,,,,,,,,,,,,,,
278,CAS Authenticator,CAS authenticator for Jupyterhub.,https://github.com/cwaldbieser/jhub_cas_authenticator,,hub-auth,11,False,jhub_cas_authenticator,cwaldbieser/jhub_cas_authenticator,,https://github.com/cwaldbieser/jhub_cas_authenticator,GPL-3.0,2017-09-17 19:17:08.000,2023-03-17 18:54:21.000000,2023-03-17 18:52:39,43.0,,12.0,6.0,8.0,3.0,12.0,22.0,2020-03-27 22:25:50.000,1.0.2,,267.0,7.0,1.0,,4.0,https://pypi.org/project/jhub_cas_authenticator,2020-03-27 22:25:50.000,1.0,267.0,,,,3.0,,,,,,,,,,,,,,,,,,,,,,,
279,Theme Toggle,JupyterLab extension to toggle the theme in the Top Bar area.,https://github.com/jtpio/jupyterlab-theme-toggle,,lab-themes,11,False,,jtpio/jupyterlab-theme-toggle,,https://github.com/jtpio/jupyterlab-theme-toggle,BSD-3-Clause,2019-07-27 08:45:07.000,2024-06-20 07:55:32.000000,2024-06-20 07:55:10,49.0,,3.0,2.0,20.0,,5.0,11.0,2020-11-06 21:10:33.532,0.6.1,,209.0,7.0,10.0,5.0,2.0,,,,,,,,3.0,jupyterlab-theme-toggle,https://www.npmjs.com/package/jupyterlab-theme-toggle,2020-11-06 21:10:33.532,5.0,209.0,,,,,,,,,,,,,,,,,,
280,easyexplore,Toolbox for easy and effective data exploration in Python.,https://github.com/GianniBalistreri/easyexplore,,widgets,11,False,easyexplore,GianniBalistreri/easyexplore,,https://github.com/GianniBalistreri/easyexplore,GPL-3.0,2020-05-04 17:26:04.000,2023-07-06 22:15:29.000000,2023-04-01 21:00:35,335.0,,2.0,1.0,83.0,8.0,16.0,5.0,2023-04-16 18:44:00.620,0.7.4,,1691.0,65.0,5.0,4.0,4.0,https://pypi.org/project/easyexplore,2022-06-08 16:40:13.000,1.0,1691.0,,,,3.0,,,,,,,,,,,,,,,,,,,,,,,
281,Hash Authenticator,Authenticate users with passwords generated from their username.,https://github.com/thedataincubator/jupyterhub-hashauthenticator,,hub-auth,11,False,jupyterhub-hashauthenticator,thedataincubator/jupyterhub-hashauthenticator,,https://github.com/thedataincubator/jupyterhub-hashauthenticator,BSD-3-Clause,2017-08-18 19:18:33.000,2024-01-04 01:03:19.000000,2024-01-04 01:03:07,46.0,,3.0,9.0,6.0,,,4.0,2024-01-04 01:02:47.000,0.5.0,,230.0,8.0,,,3.0,https://pypi.org/project/jupyterhub-hashauthenticator,2024-01-04 01:02:47.000,,230.0,,,,3.0,,,,,,,,,,,,,,,,,,,,,,,
282,jupyter2slides,Cloud Native Presentation Slides with Jupyter Notebook + Reveal.js.,https://github.com/datitran/jupyter2slides,,notebook-tools,10,False,,datitran/jupyter2slides,,https://github.com/datitran/jupyter2slides,MIT,2016-07-26 12:38:17.000,2019-09-03 14:54:44.000000,2018-12-28 18:34:22,11.0,,168.0,53.0,1.0,11.0,4.0,795.0,,,,,,,,1.0,,,,,,,,3.0,,,,,,,,,,,,,,,,,,,,,,,
283,ICSharp,C# kernel for Jupyter.,https://github.com/zabirauf/icsharp,,kernels,10,False,,zabirauf/icsharp,,https://github.com/zabirauf/icsharp,Apache-2.0,2014-09-22 07:57:50.000,2022-06-22 17:44:39.000000,2018-09-23 04:19:45,45.0,,57.0,20.0,19.0,28.0,18.0,279.0,,,,,,,,11.0,,,,,,,,3.0,,,,,,,,,,,,,,,,,,,,,,,
284,ipyannotate,Jupyter Widget for data annotation.,https://github.com/ipyannotate/ipyannotate,,widgets,10,False,ipyannotate,ipyannotate/ipyannotate,,https://github.com/ipyannotate/ipyannotate,,2018-07-23 19:23:28.000,2023-01-06 01:35:32.000000,2020-09-20 09:38:39,27.0,,15.0,4.0,27.0,3.0,1.0,140.0,2018-10-05 14:26:44.945,0.1.0,,419.0,2.0,7.0,,4.0,https://pypi.org/project/ipyannotate,2018-07-29 08:53:50.000,2.0,405.0,,,,3.0,ipyannotate,https://www.npmjs.com/package/ipyannotate,2018-10-05 14:26:44.945,5.0,14.0,,,,,,,,,,,,,,,,,,
285,jupyterlab-celltags,A JupyterLab extension for notebook cell tags.,https://github.com/jupyterlab/jupyterlab-celltags,,lab-extensions,10,False,,jupyterlab/jupyterlab-celltags,,https://github.com/jupyterlab/jupyterlab-celltags,BSD-3-Clause,2018-06-18 22:02:23.000,2020-04-29 18:27:31.000000,2020-04-29 18:26:29,441.0,,26.0,14.0,184.0,12.0,7.0,114.0,,,,,,,,10.0,,,,,,,,3.0,,,,,,,,,,,,,,,,,,,,,,,
286,JupyterLab Bytecode,JupyterLab extension to explore CPython Bytecode.,https://github.com/jtpio/jupyterlab-python-bytecode,,lab-extensions,10,False,,jtpio/jupyterlab-python-bytecode,,https://github.com/jtpio/jupyterlab-python-bytecode,BSD-3-Clause,2018-09-29 19:55:49.000,2023-01-03 15:16:54.000000,2020-10-16 21:38:08,114.0,,6.0,2.0,48.0,22.0,3.0,62.0,2020-03-12 15:14:07.198,1.0.0,,34.0,12.0,8.0,3.0,2.0,,,,,,,,3.0,jupyterlab-python-bytecode,https://www.npmjs.com/package/jupyterlab-python-bytecode,2020-03-12 15:14:07.198,5.0,34.0,,,,,,,,,,,,,,,,,,
287,Jupyter Helpers,A collection of helpers for Jupyter/IPython.,https://github.com/krassowski/jupyter-helpers,,notebook-tools,10,False,jupyter_helpers,krassowski/jupyter-helpers,,https://github.com/krassowski/jupyter-helpers,MIT,2019-03-17 22:11:35.000,2021-07-31 11:45:58.000000,2021-07-31 11:45:57,27.0,,3.0,4.0,1.0,3.0,2.0,47.0,2021-02-10 16:37:32.000,0.2.3,,220.0,5.0,,,2.0,https://pypi.org/project/jupyter_helpers,2021-02-10 16:37:32.000,,220.0,,,,3.0,,,,,,,,,,,,,,,,,,,,,,,
288,YarnSpawner,Spawn JupyterHub single user notebook servers in Hadoop/YARN containers.,https://github.com/jupyterhub/yarnspawner,,hub-spawners,10,False,jupyterhub-yarnspawner,jupyterhub/yarnspawner,conda-forge/jupyterhub-yarnspawner,https://github.com/jupyterhub/yarnspawner,BSD-3-Clause,2018-12-18 19:31:03.000,2023-06-16 16:13:13.990000,2019-07-16 16:58:16,37.0,,16.0,8.0,14.0,7.0,4.0,19.0,2019-07-01 16:01:55.000,0.4.0,,970.0,4.0,,,2.0,https://pypi.org/project/jupyterhub-yarnspawner,2019-07-01 16:01:55.000,,234.0,https://anaconda.org/conda-forge/jupyterhub-yarnspawner,2023-06-16 16:13:13.990,54467.0,3.0,,,,,,,,,,,,,,,,,,,,,,,
289,jupyterlab-executor,JupyterLab extension to execute the scripts from the file browser.,https://github.com/gavincyi/jupyterlab-executor,,lab-extensions,10,False,jupyterlab-executor,gavincyi/jupyterlab-executor,,https://github.com/gavincyi/jupyterlab-executor,BSD-3-Clause,2020-12-29 15:51:54.000,2023-09-10 20:17:39.000000,2023-09-10 20:15:08,11.0,,1.0,4.0,4.0,3.0,2.0,15.0,2023-09-10 20:26:52.000,2023.1.1,10.0,463.0,5.0,5.0,3.0,2.0,https://pypi.org/project/jupyterlab-executor,2023-09-10 20:17:39.000,,459.0,,,,3.0,@gavincyi/jupyterlab-executor,https://www.npmjs.com/package/@gavincyi/jupyterlab-executor,2021-03-24 21:39:03.790,2.0,4.0,,,,,,,,,,,,,,,,,,
290,Keberos Authenticator,A JupyterHub authenticator using Kerberos.,https://github.com/jupyterhub/kerberosauthenticator,,hub-auth,10,False,jupyterhub-kerberosauthenticator,jupyterhub/kerberosauthenticator,,https://github.com/jupyterhub/kerberosauthenticator,BSD-3-Clause,2019-04-17 18:01:36.000,2019-07-16 16:57:42.000000,2019-07-16 16:57:24,21.0,,5.0,3.0,7.0,3.0,2.0,11.0,2019-07-01 16:05:41.987,0.2.0,,154.0,2.0,3.0,3.0,2.0,https://pypi.org/project/jupyterhub-kerberosauthenticator,2019-07-01 16:05:41.987,,154.0,,,,3.0,,,,,,,,,,,,,,,,,,,,,,,
291,jnotebook-reader,"An awesome viewer to browse and render Jupyter Notebooks from local, Amazon S3, Google Cloud Storage or MinIO.",https://github.com/line/jnotebook_reader,,notebook-sharing,9,False,,line/jnotebook_reader,,https://github.com/line/jnotebook_reader,Apache-2.0,2020-10-30 02:50:59.000,2022-12-06 05:30:25.000000,2022-12-06 05:30:25,15.0,,16.0,14.0,14.0,1.0,4.0,104.0,2021-02-10 02:34:21.000,1.0.2,,,3.0,,,7.0,,,,,,,,3.0,,,,,,,,,,,,,,,,,,,,,,,
292,jupyterterminals,Jupyter plugin to support inline terminal shells along with buttons to control them.,https://github.com/willkessler/jupyterterminals,,jupyter-extensions,9,False,jupyterterminals,willkessler/jupyterterminals,,https://github.com/willkessler/jupyterterminals,MIT,2020-03-08 16:36:18.000,2023-01-05 23:10:50.000000,2023-01-05 23:08:38,55.0,,3.0,3.0,15.0,,1.0,12.0,2020-04-28 05:56:20.000,0.1.2,,103.0,2.0,4.0,4.0,2.0,https://pypi.org/project/jupyterterminals,2020-04-28 05:56:20.000,,103.0,,,,3.0,,,,,,,,,,,,,,,,,,,,,,,
293,Remote Authenticator,"A collection of JupyterHub Authenticators, including Header, Remote-User and Dummy, based on..",https://github.com/ucphhpc/jhub-authenticators,,hub-auth,9,False,jhub-authenticators,ucphhpc/jhub-authenticators,,https://github.com/ucphhpc/jhub-authenticators,GPL-3.0,2017-12-20 14:46:18.000,2024-03-21 13:05:24.000000,2024-03-21 13:05:17,236.0,,1.0,2.0,1.0,,,2.0,2022-10-03 13:12:31.287,0.5.0,,717.0,19.0,4.0,3.0,6.0,https://pypi.org/project/jhub-authenticators,2022-04-15 09:56:22.000,1.0,717.0,,,,3.0,,,,,,,,,,,,,,,,,,,,,,,
294,Jupyter Black,Black formatter for Jupyter Notebook.,https://github.com/drillan/jupyter-black,,jupyter-extensions,8,True,,drillan/jupyter-black,,https://github.com/drillan/jupyter-black,BSD-3-Clause,2018-08-10 05:21:02.000,2020-02-01 03:27:05.000000,2020-02-01 03:27:04,10.0,,24.0,5.0,3.0,12.0,14.0,442.0,,,,,,,,2.0,,,,,,,,3.0,,,,,,,,,,,,,,,,,,,,,,,
295,Nord Theme,JupyterLab - Nord Theme.,https://github.com/kenshohara/theme-nord-extension,,lab-themes,8,False,,kenshohara/theme-nord-extension,,https://github.com/kenshohara/theme-nord-extension,BSD-3-Clause,2019-06-11 02:09:21.000,2020-09-20 09:11:33.000000,2020-09-20 09:10:43,13.0,,1.0,2.0,3.0,5.0,4.0,25.0,2020-09-20 07:58:25.186,2.2.5,,15.0,7.0,5.0,3.0,1.0,,,,,,,,3.0,@kenshohara/theme-nord-extension,https://www.npmjs.com/package/@kenshohara/theme-nord-extension,2020-09-20 07:58:25.186,2.0,15.0,,,,,,,,,,,,,,,,,,
296,JupyterLab Spark,Spark Application UI extension for JupyterLab.,https://github.com/manuzhang/jupyterlab_spark,,lab-extensions,8,False,,manuzhang/jupyterlab_spark,,https://github.com/manuzhang/jupyterlab_spark,Apache-2.0,2019-04-20 06:31:59.000,2021-09-05 13:13:14.000000,2021-09-05 13:10:26,21.0,,2.0,5.0,11.0,2.0,3.0,10.0,2021-09-05 07:10:44.275,0.4.0,,9.0,4.0,8.0,3.0,2.0,,,,,,,,3.0,jupyterlab_spark,https://www.npmjs.com/package/jupyterlab_spark,2021-09-05 07:10:44.275,5.0,9.0,,,,,,,,,,,,,,,,,,
297,Vision UI,UI visual interface for fastai - now compatible with Google Colab.,https://github.com/asvcode/Vision_UI,,widgets,7,False,,asvcode/Vision_UI,,https://github.com/asvcode/Vision_UI,,2019-05-23 04:53:03.000,2020-07-05 04:00:59.000000,2020-07-05 04:00:59,112.0,,31.0,12.0,2.0,1.0,2.0,250.0,,,,,,,,3.0,,,,,,,,3.0,,,,,,,,,,,,,,,,,,,,,,,
298,Jupter-Notebook-REST-API,Run your jupyter notebooks as a REST API endpoint. This isnt a jupyter server but rather just a way to run your..,https://github.com/Invictify/Jupter-Notebook-REST-API,,notebook-tools,5,False,,Invictify/Jupter-Notebook-REST-API,,https://github.com/Invictify/Jupter-Notebook-REST-API,MIT,2020-03-31 22:48:04.000,2022-12-08 03:56:51.000000,2020-03-31 23:00:06,2.0,,10.0,3.0,16.0,,,80.0,,,,,,,,2.0,,,,,,,,3.0,,,,,,,,,,,,,,,,,,,,,,,
299,kernel-relay,kernel-relay is a GraphQL service for interfacing with one or more Jupyter kernels.,https://github.com/nteract/kernel-relay,,kernels,4,False,,nteract/kernel-relay,,https://github.com/nteract/kernel-relay,,2019-02-04 21:12:54.000,2023-01-04 02:47:40.000000,2019-07-10 04:14:14,12.0,,5.0,13.0,30.0,10.0,2.0,12.0,,,,,,3.0,3.0,3.0,,,,,,,,3.0,,,,,,,,,,,,,,,,,,,,,,,
300,SSH Authenticator,A simple SSH authenticator for JupyterHub.,https://github.com/andreas-h/sshauthenticator,,hub-auth,4,False,,andreas-h/sshauthenticator,,https://github.com/andreas-h/sshauthenticator,BSD-3-Clause,2019-09-03 10:20:22.000,2019-09-03 15:17:32.000000,2019-09-03 15:17:07,4.0,,1.0,2.0,,,,7.0,,,,,,,,,,,,,,,,3.0,,,,,,,,,,,,,,,,,,,,,,,
